-0.4188385            -0.326452
0.0733762            -0.326452
-0.0900604            -0.326452
-0.327952            -0.326452
-0.352497            -0.326452
-0.0796958            -0.326452
0.0448163            -0.326452
-0.0164797            -0.326452
-0.0870356            -0.326452
0.431032            -0.326452
0.238764433333333            -0.326452
-0.359925            -0.326452
-0.250888            -0.326452
0.717737            -0.326452
0.125006            -0.326452
0.2612395            -0.326452
0.119974            -0.326452
0.685230875            0.000824056
0.245448            0.00109118
0.2496085            -0.326452
0.04812225            -0.326452
0.036575935            -0.326452
-0.0031297            -0.326452
0.10818955            -0.326452
-0.029407125            -0.326452
0.0118742842105262            0.00126902
0.0651656284615384            0.00162721
0.04533914            0.00160334
0.0803135833333333            0.00192367
0.19885537368421            0.00220068
0.2266923            0.00254633
0.146250509090909            0.00214959
0.202983564285714            0.00221737
0.188458            0.00209082
0.251062625            0.00226747
0.157038688235294            -0.326452
0.1174752816            0.00170302
0.183254699193548            0.00190609
0.22664835483871            -0.326452
0.406794407692308            0.00177506
0.154554307142857            0.00167618
0.116794329807692            0.00170374
0.120765237777778            0.0015888
0.209164            0.00193014
0.249565444615385            0.00226994
0.086975247704918            0.00155057
0.205776838461538            0.00160588
0.059354618            0.00134665
0.0213426292982456            0.00138627
0.0221795375            0.00122535
0.3980567778125            0.00248843
0.484775924            0.00309224
0.280088321195652            0.00163266
0.0451810633333333            0.00133717
0.559447666666666            0.00164416
0.32912225            0.00134803
0.129118102            0.000912628
0.118305688            0.000912801
0.448583925            0.00232324
0.569857645833333            0.00247209
0.417066882352941            0.00218336
-0.00811183339130435            0.000512915
0.0507909274814815            0.000723102
0.116971223076923            -0.326452
0.16904975            -0.326452
0.180595428571429            -0.326452
0.01065915            -0.326452
0.318048810909091            -0.326452
0.183573775            0.000294889
0.153627140990291            0.000839041
0.0173073402661871            0.000424108
0.0399874384615385            0.000333758
0.033264192388888            0.000849963
0.23260045            0.00135502
-0.4188385            -0.165161
0.0733762            -0.165161
-0.0900604            -0.165161
-0.327952            -0.165161
-0.352497            -0.165161
-0.0796958            -0.165161
0.0448163            -0.165161
-0.0164797            -0.165161
-0.0870356            -0.165161
0.431032            -0.165161
0.238764433333333            -0.165161
-0.359925            -0.165161
-0.250888            -0.165161
0.717737            -0.165161
0.125006            -0.165161
0.2612395            -0.165161
0.119974            -0.165161
0.685230875            -0.000220862
0.245448            -0.000529754
0.2496085            -0.165161
0.04812225            -0.165161
0.036575935            -0.165161
-0.0031297            -0.165161
0.10818955            -0.165161
-0.029407125            -0.165161
0.0118742842105262            -0.000488791
0.0651656284615384            -0.00077648
0.04533914            -0.000310388
0.0803135833333333            -0.000383267
0.19885537368421            -0.000499987
0.2266923            -0.000666689
0.146250509090909            -0.000803974
0.202983564285714            -0.000414559
0.188458            -0.000478265
0.251062625            -0.00055884
0.157038688235294            -0.165161
0.1174752816            -0.000675515
0.183254699193548            -0.000544655
0.22664835483871            -0.165161
0.406794407692308            -0.000612459
0.154554307142857            -0.000659594
0.116794329807692            -0.000383308
0.120765237777778            -0.000713832
0.209164            -0.000741924
0.249565444615385            -0.000817528
0.086975247704918            -0.000569014
0.205776838461538            -0.000611303
0.059354618            -0.000486932
0.0213426292982456            -0.000563105
0.0221795375            -0.000423247
0.3980567778125            -0.000987847
0.484775924            -0.00091933
0.280088321195652            -0.000466797
0.0451810633333333            -7.32226e-05
0.559447666666666            -0.000604175
0.32912225            -0.000596405
0.129118102            -0.000362579
0.118305688            -0.000248579
0.448583925            -0.000635205
0.569857645833333            -0.0008059
0.417066882352941            -0.000531308
-0.00811183339130435            -0.000137679
0.0507909274814815            -0.000150692
0.116971223076923            -0.165161
0.16904975            -0.165161
0.180595428571429            -0.165161
0.01065915            -0.165161
0.318048810909091            -0.165161
0.183573775            -0.000200147
0.153627140990291            -0.000154606
0.0173073402661871            -2.48376e-05
0.0399874384615385            -0.000135342
0.033264192388888            -0.000117027
0.23260045            -0.000430296

