303042564
303042568
303042572
303042576
303042580
303042584
303042588
303042592
303046660
303046664
303046668
303046672
303046676
303046680
303046684
303046688
303050756
303050760
303050764
303050768
303050772
303050776
303050780
303050784
303054852
303054856
303054860
303054864
303054868
303054872
303054876
303054880
303058948
303058952
303058956
303058960
303058964
303058968
303058972
303058976
303063044
303063048
303063052
303063056
303063060
303063064
303063068
303063072
303067140
303067144
303067148
303067152
303067156
303067160
303067164
303067168
303071236
303071240
303071244
303071248
303071252
303071256
303071260
303071264
303075332
303075336
303075340
303075344
303075348
303075352
303075356
303075360
303079428
303079432
303079436
303079440
303079444
303079448
303079452
303079456
303083524
303083528
303083532
303083536
303083540
303083544
303083548
303083552
303087620
303087624
303087628
303087632
303087636
303087640
303087644
303087648
304091152
304099336
304099340
304107552
304123920
304136200
304148492
304148496
304189444
305147928
305152016
305172484
305283076
305283080
305283084
305283088
305287172
305287176
305287180
305287184
305291268
305291272
305291276
305291280
305291292
305299468
306212876
306319364
306319368
306319372
306319376
306323460
306323464
306323468
306323472
306327556
306327560
306327564
306327568
306331652
306331656
306331660
306331664
306343948
306360324
306401284
306401288
306401292
306401296
306405380
306405384
306405388
306405392
306409476
306409480
306409484
306409488
306413572
306413576
306413580
306413584
306442272
352589828
352663556
352667652
352671748
352675844
352679940
352684036
352646148
352650244
352654340
352658436
352662532
352666628
352670724
352674820
352883716
344221700
344324100
344373252
344364036
344537092
344684548
344844292
344888324
344896516
344904708
344912900
344945668304091168
304095236
304095260
304103440
304103452
304107524
304107532
304107540
304107544
304111620
304115720
304115744
304119812
304119828
304119836
304119840
304123908
304123936
304128004
304128032
304132112
304132116
304132120
304132128
304136196
304136204
304136224
304140316
304140320
304144400
304144412
304144416
304148504
304152580
304152584
304152608
304156676
304160772
304160776
304160780
304160788
304160800
304164884
304164892
304168968
304168976
304168984
304173084
304177156
304177176
304181252
304181256
304181260
304181280
304185348
304185372
304189456
304193540
304193544
304193556
304197636
304197640
304197644
304201732
304201740
304201748
304201756
305143832
305156108
305164292
305172496
305176600
305180676
305184792
305192980
305205256
305213444
305221640
305229832
305233932
305238024
305242116
305242144
305246236
305250320
305250328
305254420
305270788
305274908
305279008
305283100
305287188
305315852
306188316
306188320
306200608
306208772
306212884
306216984
306225180
306233352
306237460
306241548
306241556
306245648
306266120
306270232
306278408
306315292
306327576
306335752
306335772
306364428
306384924
306384928
306393100
306425880
306429980
306434076
352602116
352606212
352610308
352622596
352630788
352643076
352647172
352659460
352712708
352716804
352733188
352741380
352745476
352749572
352757764
352761860
352782340
352790532
352678916
352856068
352872452
352880644
352884740
352888836
352901124
352905220
352909316
352913412
352925700
352946180
352970756
352983044
352995332
352999428
353003524
353011716
353019908
353024004
353028100
353044484
352965636
352986116
353010692
353018884
353134596
353138692
353142788
353171460
353175556
353179652
353191940
353200132
353224708
353241092
353245188
353253380
353261572
353265668
353269764
353186820
353231876
353252356
353256452
353268740
353272836
344201220
344217604
344229892
344238084
344246276
344254468
344266756
344270852
344274948
344279044
344283140
344287236
344291332
344295428
344299524
344307716
344320004
344332292
344352772
344389636
344422404
344232964
344261636
344463364
344467460
344471556
344475652
344479748
344487940
344492036
344500228
344504324
344508420
344512516
344520708
344524804
344528900
344532996
344549380
344573956
344582148
344598532
344619012
344623108
344647684
344655876
344478724
344486916
344503300
344523780
344527876
344552452
344617988
344622084
344729604
344741892
344762372
344766468
344774660
344803332
344819716
344823812
344827908
344836100
344840196
344848388
344852484
344856580
344864772
344877060
344881156
344885252
344889348
344897540
344905732
344934404
344744964
344753156
344761348
344794116
344818692
344826884
344830980
344839172
344859652
344880132
344937476
