303042564
303042568
303042572
303042576
303042580
303042584
303042588
303042592
303046660
303046664
303046668
303046672
303046676
303046680
303046684
303046688
303050756
303050760
303050764
303050768
303050772
303050776
303050780
303050784
303054852
303054856
303054860
303054864
303054868
303054872
303054876
303054880
303058948
303058952
303058956
303058960
303058964
303058968
303058972
303058976
303063044
303063048
303063052
303063056
303063060
303063064
303063068
303063072
303067140
303067144
303067148
303067152
303067156
303067160
303067164
303067168
303071236
303071240
303071244
303071248
303071252
303071256
303071260
303071264
303075332
303075336
303075340
303075344
303075348
303075352
303075356
303075360
303079428
303079432
303079436
303079440
303079444
303079448
303079452
303079456
303083524
303083528
303083532
303083536
303083540
303083544
303083548
303083552
303087620
303087624
303087628
303087632
303087636
303087640
303087644
303087648
304091152
304099336
304099340
304107552
304123920
304136200
304148492
304148496
304189444
305147928
305152016
305172484
305283076
305283080
305283084
305283088
305287172
305287176
305287180
305287184
305291268
305291272
305291276
305291280
305291292
305299468
306212876
306319364
306319368
306319372
306319376
306323460
306323464
306323468
306323472
306327556
306327560
306327564
306327568
306331652
306331656
306331660
306331664
306343948
306360324
306401284
306401288
306401292
306401296
306405380
306405384
306405388
306405392
306409476
306409480
306409484
306409488
306413572
306413576
306413580
306413584
306442272
352589828
352663556
352667652
352671748
352675844
352679940
352684036
352646148
352650244
352654340
352658436
352662532
352666628
352670724
352674820
352883716
344221700
344324100
344373252
344364036
344537092
344684548
344844292
344888324
344896516
344904708
344912900
344945668304091168
304095236
304095260
304103440
304103452
304107524
304107532
304107540
304107544
304111620
304115720
304115744
304119812
304119828
304119836
304119840
304123908
304123936
304128004
304128032
304132112
304132116
304132120
304132128
304136196
304136204
304136224
304140316
304140320
304144400
304144412
304144416
304148504
304152580
304152584
304152608
304156676
304160772
304160776
304160780
304160788
304160800
304164884
304164892
304168968
304168976
304168984
304173084
304177156
304177176
304181252
304181256
304181260
304181280
304185348
304185372
304189456
304193540
304193544
304193556
304197636
304197640
304197644
304201732
304201740
304201748
304201756
305143832
305156108
305164292
305172496
305176600
305180676
305184792
305192980
305205256
305213444
305221640
305229832
305233932
305238024
305242116
305242144
305246236
305250320
305250328
305254420
305270788
305274908
305279008
305283100
305287188
305315852
306188316
306188320
306200608
306208772
306212884
306216984
306225180
306233352
306237460
306241548
306241556
306245648
306266120
306270232
306278408
306315292
306327576
306335752
306335772
306364428
306384924
306384928
306393100
306425880
306429980
306434076
352602116
352606212
352610308
352622596
352630788
352643076
352647172
352659460
352712708
352716804
352733188
352741380
352745476
352749572
352757764
352761860
352782340
352790532
352678916
352856068
352872452
352880644
352884740
352888836
352901124
352905220
352909316
352913412
352925700
352946180
352970756
352983044
352995332
352999428
353003524
353011716
353019908
353024004
353028100
353044484
352965636
352986116
353010692
353018884
353134596
353138692
353142788
353171460
353175556
353179652
353191940
353200132
353224708
353241092
353245188
353253380
353261572
353265668
353269764
353186820
353231876
353252356
353256452
353268740
353272836
344201220
344217604
344229892
344238084
344246276
344254468
344266756
344270852
344274948
344279044
344283140
344287236
344291332
344295428
344299524
344307716
344320004
344332292
344352772
344389636
344422404
344232964
344261636
344463364
344467460
344471556
344475652
344479748
344487940
344492036
344500228
344504324
344508420
344512516
344520708
344524804
344528900
344532996
344549380
344573956
344582148
344598532
344619012
344623108
344647684
344655876
344478724
344486916
344503300
344523780
344527876
344552452
344617988
344622084
344729604
344741892
344762372
344766468
344774660
344803332
344819716
344823812
344827908
344836100
344840196
344848388
344852484
344856580
344864772
344877060
344881156
344885252
344889348
344897540
344905732
344934404
344744964
344753156
344761348
344794116
344818692
344826884
344830980
344839172
344859652
344880132
344937476
304091140
304091144
304091148
304091156
304091160
304091164
304091168
304095240
304095244
304095248
304095252
304095256
304095264
304099332
304099352
304099356
304099360
304103428
304103432
304103436
304103444
304103448
304103456
304107528
304107536
304107548
304111624
304111628
304111640
304111644
304111648
304115716
304115732
304115736
304115740
304119816
304119824
304119832
304123912
304123916
304123928
304123932
304128008
304128012
304128024
304128028
304132100
304132104
304132124
304136216
304136220
304140292
304140296
304140300
304140304
304140308
304140312
304144388
304144392
304144408
304148484
304148508
304148512
304152588
304152592
304152596
304152600
304152604
304156680
304156684
304156688
304156692
304156700
304156704
304160784
304160792
304160796
304164868
304164880
304164888
304164896
304168964
304168972
304168988
304168992
304173068
304173080
304173088
304177160
304177164
304177180
304177184
304181272
304181276
304185360
304185368
304185376
304189452
304189460
304189464
304189468
304189472
304193548
304193552
304193560
304193564
304193568
304197648
304197652
304197656
304197660
304197664
304201736
304201744
304201752
304201760
305139716
305139724
305139728
305143816
305143820
305147912
305152012
305152028
305152032
305156100
305156104
305156124
305156128
305164296
305164308
305164316
305168392
305168396
305168408
305172488
305172492
305172508
305176596
305176604
305176608
305180696
305180700
305184780
305184788
305188868
305188888
305192992
305197072
305201160
305201164
305201176
305201184
305205280
305209348
305209356
305209360
305213452
305213472
305221660
305225748
305225752
305238036
305242120
305246220
305246228
305246232
305250312
305250316
305250324
305250332
305254412
305254424
305254432
305258504
305258520
305262600
305266708
305266716
305270800
305274896
305274904
305278988
305278992
305283104
305291284
305291288
305295376
305295380
305295384
305295388
305299464
305299472
305299476
305303572
305303584
305307664
305307668
305307680
305311748
305315856
306192392
306192400
306196488
306200580
306212872
306212888
306216964
306216968
306221064
306221072
306225156
306225176
306233356
306237444
306245644
306245656
306245664
306253840
306257952
306266144
306274328
306282508
306282516
306286596
306286600
306286608
306290692
306290720
306294816
306302984
306302992
306303000
306311196
306315296
306319392
306339852
306343940
306348044
306352140
306352156
306356232
306360340
306368540
306372612
306376712
306376720
306376724
306380808
306380832
306384904
306384908
306384916
306397204
306401312
306405400
306405404
306413596
306417668
306421776
306429968
306438172
306442248
306446356
352593924
352598020
352614404
352618500
352626692
352634884
352638980
352651268
352688132
352692228
352696324
352700420
352708612
352724996
352737284
352753668
352765956
352778244
352794628
352798724
352815108
352588804
352613380
352617476
352625668
352637956
352642052
352719876
352744452
352748548
352814084
352860164
352864260
352892932
352897028
352917508
352921604
352929796
352933892
352937988
352942084
352954372
352962564
352978948
352987140
353007620
353015812
353040388
353077252
352875524
352900100
352973828
352990212
353002500
353031172
353047556
353055748
353118212
353122308
353126404
353130500
353150980
353155076
353159172
353167364
353183748
353187844
353196036
353204228
353208324
353212420
353216516
353220612
353228804
353232900
353236996
353249284
353273860
353282052
353286148
353290244
353141764
353149956
353166340
353174532
353211396
353244164
353248260
353260548
353264644
353281028
353293316
353305604
353326084
344209412
344213508
344225796
344250372
344258564
344262660
344303620
344311812
344315908
344328196
344336388
344340484
344344580
344356868
344360964
344365060
344377348
344381444
344385540
344414212
344204292
344212484
344224772
344228868
344237060
344241156
344245252
344249348
344253444
344257540
344265732
344269828
344273924
344278020
344282116
344286212
344290308
344294404
344298500
344302596
344306692
344310788
344314884
344318980
344323076
344327172
344331268
344335364
344339460
344343556
344347652
344351748
344355844
344359940
344372228
344380420
344396804
344483844
344496132
344516612
344541188
344545284
344553476
344557572
344561668
344565764
344569860
344578052
344586244
344590340
344594436
344606724
344614916
344627204
344635396
344639492
344470532
344491012
344495108
344499204
344507396
344511492
344515588
344519684
344531972
344536068
344540164
344544260
344548356
344556548
344560644
344564740
344568836
344572932
344577028
344581124
344585220
344589316
344593412
344597508
344601604
344605700
344609796
344613892
344630276
344671236
344725508
344733700
344737796
344745988
344750084
344754180
344770564
344778756
344782852
344786948
344791044
344795140
344799236
344807428
344811524
344815620
344832004
344860676
344868868
344872964
344893444
344901636
344930308
344728580
344749060
344757252
344765444
344769540
344773636
344777732
344781828
344785924
344790020
344798212
344802308
344806404
344810500
344814596
344822788
344835076
344843268
344847364
344851460
344855556
344863748
344867844
344871940
344876036
344884228
344908804
344945668
304099344
304099348
304111632
304115724
304119820
304128016
304128020
304132108
304136208
304136212
304144396
304144404
304148488
304148500
304164872
304168980
304173060
304173076
304177168
304177172
304181264
304181268
304185352
304185356
304189448
305139720
305139744
305143812
305143828
305143836
305143840
305147908
305147920
305156112
305156116
305156120
305160200
305160212
305164312
305168412
305168416
305172512
305176588
305180684
305180688
305180692
305184796
305188872
305188884
305188892
305188896
305192972
305192984
305197064
305197080
305197084
305201168
305201172
305201180
305205264
305205276
305209372
305213448
305213456
305213468
305217556
305217568
305221648
305225744
305225756
305225760
305233924
305233928
305233936
305238032
305238048
305242128
305246216
305258516
305258524
305262596
305262604
305262620
305262624
305266704
305270812
305270816
305274884
305274888
305274892
305274900
305274912
305278984
305279004
305283092
305291296
305295368
305303560
305303564
305303576
305307652
305307656
305307660
305311764
305311776
305315872
306192388
306192408
306196492
306196496
306196512
306208780
306208792
306212896
306221084
306225172
306229264
306229268
306229276
306233376
306237448
306237456
306241540
306245652
306249740
306249744
306249760
306253844
306262032
306262044
306266128
306266140
306270220
306270228
306270240
306274336
306278412
306278420
306278424
306278428
306282504
306282528
306286624
306290708
306294788
306294792
306294800
306294804
306294808
306298896
306302996
306307076
306307088
306307092
306307104
306311176
306315280
306323484
306327580
306331668
306335776
306339844
306339860
306339872
306343944
306348036
306348040
306348048
306348056
306352132
306352136
306356228
306356248
306360336
306360344
306364420
306364432
306368532
306376732
306380804
306380812
306380816
306384900
306389004
306393120
306397188
306401304
306409492
306409496
306409504
306413600
306421784
306429976
306434056
306438156
306438164
306442268
306446368
352655364
352704516
352720900
352729092
352774148
352802820
352806916
352592900
352601092
352621572
352683012
352695300
352699396
352728068
352732164
352736260
352740356
352752644
352760836
352769028
352801796
352851972
352876548
352950276
352966660
352974852
352991236
353032196
353052676
352867332
352879620
352887812
352891908
352896004
352904196
352912388
352916484
352920580
352936964
352953348
352961540
352969732
352982020
352994308
352998404
353027076
353043460
353063940
353076228
353114116
353257476
353294340
353298436
353302532
353306628
353314820
353331204
353113092
353170436
353195012
353223684
353285124
353289220
353321988
353330180
344205316
344233988
344242180
344348676
344369156
344200196
344208388
344376324
344388612
344392708
344409092
344417284
344610820
344631300
344643588
344659972
344664068
344688644
344482820
344638468
344650756
344654852
344658948
344667140
344687620
344758276
344909828
344918020
344724484
344736772
344929284
344933380
305139732
305147932
305152020
305160204
305168404
305172500
305184784
305217552
305217564
305225732
305229828
305229836
305229844
305242136
305258508
305262608
305270804
305278996
305283096
305295364
305303580
305311752
306188300
306204684
306229260
306233364
306253852
306262036
306266116
306266136
306270236
306298888
306315276
306343960
306389016
306393108
306397196
306417696
306421792
306425884
306446360
352596996
352609284
352723972
352777220
352805892
352868356
352977924
353035268
353039364
353310724
353297412
344401924
344602628
344668164
344466436
344626180
344942596
