303042564
303042568
303042572
303042576
303042580
303042584
303042588
303042592
303046660
303046664
303046668
303046672
303046676
303046680
303046684
303046688
303050756
303050760
303050764
303050768
303050772
303050776
303050780
303050784
303054852
303054856
303054860
303054864
303054868
303054872
303054876
303054880
303058948
303058952
303058956
303058960
303058964
303058968
303058972
303058976
303063044
303063048
303063052
303063056
303063060
303063064
303063068
303063072
303067140
303067144
303067148
303067152
303067156
303067160
303067164
303067168
303071236
303071240
303071244
303071248
303071252
303071256
303071260
303071264
303075332
303075336
303075340
303075344
303075348
303075352
303075356
303075360
303079428
303079432
303079436
303079440
303079444
303079448
303079452
303079456
303083524
303083528
303083532
303083536
303083540
303083544
303083548
303083552
303087620
303087624
303087628
303087632
303087636
303087640
303087644
303087648
304091152
304099336
304099340
304107552
304123920
304136200
304148492
304148496
304189444
305147928
305152016
305172484
305283076
305283080
305283084
305283088
305287172
305287176
305287180
305287184
305291268
305291272
305291276
305291280
305291292
305299468
306212876
306319364
306319368
306319372
306319376
306323460
306323464
306323468
306323472
306327556
306327560
306327564
306327568
306331652
306331656
306331660
306331664
306343948
306360324
306401284
306401288
306401292
306401296
306405380
306405384
306405388
306405392
306409476
306409480
306409484
306409488
306413572
306413576
306413580
306413584
306442272
352589828
352663556
352667652
352671748
352675844
352679940
352684036
352646148
352650244
352654340
352658436
352662532
352666628
352670724
352674820
352883716
344221700
344324100
344373252
344364036
344537092
344684548
344844292
344888324
344896516
344904708
344912900
344945668