303042564
303042568
303042572
303042576
303042580
303042584
303042588
303042592
303046660
303046664
303046668
303046672
303046676
303046680
303046684
303046688
303050756
303050760
303050764
303050768
303050772
303050776
303050780
303050784
303054852
303054856
303054860
303054864
303054868
303054872
303054876
303054880
303058948
303058952
303058956
303058960
303058964
303058968
303058972
303058976
303063044
303063048
303063052
303063056
303063060
303063064
303063068
303063072
303067140
303067144
303067148
303067152
303067156
303067160
303067164
303067168
303071236
303071240
303071244
303071248
303071252
303071256
303071260
303071264
303075332
303075336
303075340
303075344
303075348
303075352
303075356
303075360
303079428
303079432
303079436
303079440
303079444
303079448
303079452
303079456
303083524
303083528
303083532
303083536
303083540
303083544
303083548
303083552
303087620
303087624
303087628
303087632
303087636
303087640
303087644
303087648
304091156
304115732
304115736
304115740
304128008
304173080
304181252
305172496
305201160
305201164
306229272
306393092
352593924
352598020
352602116
352610308
352614404
352618500
352622596
352626692
352630788
352634884
352643076
352655364
352659460
352684036
352688132
352692228
352700420
352704516
352708612
352712708
352716804
352729092
352733188
352737284
352741380
352745476
352749572
352757764
352761860
352765956
352790532
352605188
352617476
352625668
352633860
352642052
352740356
352856068
352860164
352864260
352868356
352872452
352880644
352884740
352888836
352897028
352905220
352913412
352917508
352925700
352933892
352954372
352962564
352966660
352974852
352978948
352991236
352995332
352999428
353003524
353007620
353011716
353015812
353019908
353024004
353028100
353036292
353048580
353077252
353018884
353027076
353035268
353039364
353043460
353114116
353118212
353122308
353126404
353130500
353134596
353138692
353142788
353146884
353150980
353155076
353159172
353163268
353179652
353183748
353191940
353196036
353216516
353220612
353228804
353241092
353253380
353257476
353261572
353265668
353269764
353273860
353277956
353282052
353286148
353290244
353323012
353166340
353305604
353330180
353334276
344238084
344250372
344254468
344262660
344270852
344279044
344283140
344287236
344291332
344295428
344299524
344307716
344311812
344320004
344328196
344340484
344422404
344208388
344216580
344224772
344261636
344286212
344463364
344467460
344471556
344479748
344492036
344500228
344508420
344516612
344520708
344524804
344528900
344532996
344549380
344557572
344565764
344582148
344586244
344590340
344598532
344614916
344623108
344627204
344639492
344643588
344651780
344659972
344664068
344668164
344672260
344680452
344507396
344560644
344564740
344597508
344658948
344667140
344725508
344733700
344737796
344745988
344750084
344754180
344762372
344770564
344774660
344778756
344799236
344803332
344819716
344827908
344836100
344840196
344848388
344852484
344856580
344860676
344864772
344868868
344872964
344877060
344881156
344885252
344889348
344897540
344901636
344905732
344918020
344757252
344781828
344790020
344855556
344863748
344908804
344921092
344929284
344937476
344945668
304091152
304099336
304099340
304107552
304123920
304136200
304189444
305147928
305152016
305172484
305283076
305283080
305283084
305283088
305283104
305287172
305287176
305287180
305287184
305291268
305291272
305291276
305291280
305291292
305299468
306212876
306343948
306360324
306401284
306401288
306401292
306401296
306405380
306405384
306405388
306405392
306409476
306409480
306409484
306409488
306413572
306413576
306413580
306413584
306442272
352589828
352883716
344221700
344324100
344373252
344364036
344537092
344684548
344844292
344888324
344896516
344904708
344912900
304095248
304095252
304099344
304099348
304103440
304103444
304107536
304107540
304111632
304111636
304115728
304119824
304119828
304123924
304128016
304128020
304132112
304132116
304132124
304136208
304136212
304140308
304144400
304144404
304148496
304148500
304152592
304152596
304152600
304156688
304156692
304160784
304160788
304164880
304164884
304168976
304168980
304173072
304173076
304177168
304177172
304181264
304181268
304185360
304185364
304189456
304189460
304193544
304193552
304193556
304193560
304197648
304197652
304201744
304201748
305201156
305307676
306311188
352909316
353044484
352912388
353314820
353207300
353321988
344401924
344200196
344228868
344265732
344388612
344676356
344893444
344859652
344949764
304091140
304091144
304091164
304095236
304095240
304095244
304095260
304095264
304099332
304099352
304099356
304099360
304103428
304103432
304103436
304103448
304103452
304103456
304107524
304107528
304107548
304111620
304111624
304111628
304111640
304111644
304115716
304115720
304115724
304119812
304119816
304119836
304119840
304123908
304123916
304123928
304123932
304123936
304128004
304128012
304128024
304128028
304128032
304132104
304132108
304132128
304136196
304136204
304136220
304136224
304140296
304140312
304144388
304144392
304144396
304144412
304144416
304148484
304148488
304148492
304148508
304152580
304152584
304152588
304152604
304156680
304156684
304156696
304160772
304160776
304160792
304160796
304160800
304164868
304164872
304164876
304164888
304164892
304164896
304168964
304168984
304168988
304168992
304173060
304173084
304177156
304177160
304177164
304177176
304177180
304177184
304181260
304181276
304181280
304185348
304185352
304185356
304185372
304185376
304189448
304189472
304193540
304193548
304193564
304193568
304197640
304197644
304197656
304197664
304201732
304201736
304201740
304201752
304201756
304201760
305139716
305139732
305139740
305143828
305143832
305143836
305147908
305147932
305152004
305152024
305152028
305152032
305156108
305156116
305160200
305160204
305160212
305164292
305164308
305164312
305164316
305168388
305168392
305168400
305168404
305172488
305172492
305176580
305176588
305176592
305176600
305176604
305180676
305180700
305180704
305184788
305188872
305188884
305188888
305192964
305192972
305192980
305192992
305197060
305197064
305201172
305205260
305209364
305209368
305213468
305217564
305221644
305221648
305221656
305225740
305225760
305229840
305233932
305238032
305242116
305242124
305246232
305246240
305250308
305250312
305250316
305250336
305254404
305254412
305254420
305258512
305262604
305266720
305270808
305274888
305278980
305278984
305278988
305279004
305279008
305283092
305283096
305283100
305295372
305295380
305295384
305295388
305299460
305299464
305303576
305303580
305307680
305311752
305311756
305311764
305315848
305315856
305315860
305315864
305315868
306188296
306192412
306200608
306212868
306212872
306212888
306212892
306216988
306216992
306225164
306225176
306229260
306229276
306233348
306237444
306237448
306237460
306237468
306237472
306241564
306245644
306245664
306249736
306249748
306253848
306253852
306253856
306262040
306262048
306266140
306270216
306274308
306274312
306278408
306278432
306282500
306282520
306286600
306286624
306290720
306294792
306294816
306298908
306303004
306307096
306311176
306315276
306315280
306319364
306319368
306319372
306319376
306323460
306323464
306323472
306327556
306327560
306327564
306327568
306327572
306331652
306331656
306331660
306331664
306335756
306339844
306339852
306339864
306339872
306343956
306348036
306348064
306352136
306352140
306352152
306352156
306356236
306356248
306360336
306364420
306368516
306368536
306380820
306380832
306389024
306401304
306401308
306413600
306421764
306421776
306429968
306429980
306438160
306442244
306442248
306446368
352606212
352638980
352647172
352651268
352667652
352671748
352675844
352724996
352770052
352774148
352778244
352782340
352798724
352601092
352613380
352629764
352650244
352658436
352666628
352674820
352691204
352728068
352744452
352764932
352777220
352814084
352901124
352921604
352937988
352958468
352983044
352987140
353056772
352850948
352863236
352900100
352908292
352924676
352973828
352986116
352994308
352998404
353002500
353010692
353047556
353200132
353232900
353294340
353298436
353302532
353306628
353310724
353318916
353327108
353331204
353125380
353137668
353145860
353158148
353162244
353178628
353190916
353195012
353211396
353215492
353264644
353272836
353309700
353317892
344205316
344225796
344229892
344246276
344258564
344274948
344315908
344344580
344352772
344356868
344360964
344365060
344369156
344377348
344406020
344410116
344204292
344212484
344220676
344253444
344257540
344294404
344318980
344323076
344384516
344396804
344400900
344404996
344413188
344417284
344421380
344475652
344512516
344553476
344573956
344606724
344610820
344619012
344635396
344655876
344688644
344462340
344495108
344536068
344617988
344634372
344638468
344650756
344663044
344671236
344766468
344795140
344811524
344934404
344950788
344744964
344749060
344761348
344765444
344777732
344785924
344794116
344806404
344818692
344880132
304091148
304091168
304111648
304115744
304119820
304123912
304132100
304140292
304140316
304140320
304148512
304152608
304156676
304156700
304156704
304160780
304168968
304168972
304173064
304173088
304181256
304189452
304189468
304197636
304197660
305143812
305147912
305156120
305156128
305168408
305229856
305238020
305246236
305258500
305278996
305291296
305315872
306196496
306196508
306208796
306221080
306241568
306257924
306257936
306270224
306274332
306278416
306307104
306311200
306315292
306319380
306343960
306380804
306388996
306405404
306409492
306409504
306413588
306429960
306438168
306442260
352753668
352786436
352794628
352802820
352806916
352811012
352815108
352588804
352592900
352596996
352609284
352695300
352752644
352756740
352760836
352769028
352773124
352781316
352785412
352789508
352793604
352797700
352801796
352805892
352809988
352851972
352876548
352892932
353032196
353040388
353052676
353060868
353064964
353069060
353073156
352855044
352859140
352867332
352871428
352941060
352977924
353014788
353022980
353031172
353051652
353055748
353059844
353063940
353068036
353072132
353076228
353167364
353335300
353339396
353113092
353117188
353121284
353129476
353133572
353276932
353281028
353285124
353289220
353293316
353297412
353301508
353313796
353326084
353338372
344209412
344314884
344347652
344425476
344504324
344511492
344609796
344613892
344823812
344814596
