303042564
303042568
303042572
303042576
303042580
303042584
303042588
303042592
303046660
303046664
303046668
303046672
303046676
303046680
303046684
303046688
303050756
303050760
303050764
303050768
303050772
303050776
303050780
303050784
303054852
303054856
303054860
303054864
303054868
303054872
303054876
303054880
303058948
303058952
303058956
303058960
303058964
303058968
303058972
303058976
303063044
303063048
303063052
303063056
303063060
303063064
303063068
303063072
303067140
303067144
303067148
303067152
303067156
303067160
303067164
303067168
303071236
303071240
303071244
303071248
303071252
303071256
303071260
303071264
303075332
303075336
303075340
303075344
303075348
303075352
303075356
303075360
303079428
303079432
303079436
303079440
303079444
303079448
303079452
303079456
303083524
303083528
303083532
303083536
303083540
303083544
303083548
303083552
303087620
303087624
303087628
303087632
303087636
303087640
303087644
303087648
304091156
304115732
304115736
304115740
304128008
304173080
304181252
305172496
305201160
305201164
306229272
306393092
352593924
352598020
352602116
352610308
352614404
352618500
352622596
352626692
352630788
352634884
352643076
352655364
352659460
352684036
352688132
352692228
352700420
352704516
352708612
352712708
352716804
352729092
352733188
352737284
352741380
352745476
352749572
352757764
352761860
352765956
352790532
352605188
352617476
352625668
352633860
352642052
352740356
352856068
352860164
352864260
352868356
352872452
352880644
352884740
352888836
352897028
352905220
352913412
352917508
352925700
352933892
352954372
352962564
352966660
352974852
352978948
352991236
352995332
352999428
353003524
353007620
353011716
353015812
353019908
353024004
353028100
353036292
353048580
353077252
353018884
353027076
353035268
353039364
353043460
353114116
353118212
353122308
353126404
353130500
353134596
353138692
353142788
353146884
353150980
353155076
353159172
353163268
353179652
353183748
353191940
353196036
353216516
353220612
353228804
353241092
353253380
353257476
353261572
353265668
353269764
353273860
353277956
353282052
353286148
353290244
353323012
353166340
353305604
353330180
353334276
344238084
344250372
344254468
344262660
344270852
344279044
344283140
344287236
344291332
344295428
344299524
344307716
344311812
344320004
344328196
344340484
344422404
344208388
344216580
344224772
344261636
344286212
344463364
344467460
344471556
344479748
344492036
344500228
344508420
344516612
344520708
344524804
344528900
344532996
344549380
344557572
344565764
344582148
344586244
344590340
344598532
344614916
344623108
344627204
344639492
344643588
344651780
344659972
344664068
344668164
344672260
344680452
344507396
344560644
344564740
344597508
344658948
344667140
344725508
344733700
344737796
344745988
344750084
344754180
344762372
344770564
344774660
344778756
344799236
344803332
344819716
344827908
344836100
344840196
344848388
344852484
344856580
344860676
344864772
344868868
344872964
344877060
344881156
344885252
344889348
344897540
344901636
344905732
344918020
344757252
344781828
344790020
344855556
344863748
344908804
344921092
344929284
344937476
344945668
304091152
304099336
304099340
304107552
304123920
304136200
304189444
305147928
305152016
305172484
305283076
305283080
305283084
305283088
305283104
305287172
305287176
305287180
305287184
305291268
305291272
305291276
305291280
305291292
305299468
306212876
306343948
306360324
306401284
306401288
306401292
306401296
306405380
306405384
306405388
306405392
306409476
306409480
306409484
306409488
306413572
306413576
306413580
306413584
306442272
352589828
352883716
344221700
344324100
344373252
344364036
344537092
344684548
344844292
344888324
344896516
344904708
344912900
