303042564
303042568
303042572
303042576
303042580
303042584
303042588
303042592
303046660
303046664
303046668
303046672
303046676
303046680
303046684
303046688
303050756
303050760
303050764
303050768
303050772
303050776
303050780
303050784
303054852
303054856
303054860
303054864
303054868
303054872
303054876
303054880
303058948
303058952
303058956
303058960
303058964
303058968
303058972
303058976
303063044
303063048
303063052
303063056
303063060
303063064
303063068
303063072
303067140
303067144
303067148
303067152
303067156
303067160
303067164
303067168
303071236
303071240
303071244
303071248
303071252
303071256
303071260
303071264
303075332
303075336
303075340
303075344
303075348
303075352
303075356
303075360
303079428
303079432
303079436
303079440
303079444
303079448
303079452
303079456
303083524
303083528
303083532
303083536
303083540
303083544
303083548
303083552
303087620
303087624
303087628
303087632
303087636
303087640
303087644
303087648
304091156
304115732
304115736
304115740
304128008
304144416
304173080
304181252
305201164
305246236
306278428
352589828
352593924
352602116
352614404
352626692
352630788
352634884
352643076
352647172
352651268
352659460
352708612
352729092
352613380
352625668
352629764
352633860
352637956
352642052
352646148
352699396
352707588
352711684
352756740
352773124
352856068
352860164
352864260
352868356
352872452
352876548
352884740
352888836
352892932
352897028
352901124
352909316
352913412
352917508
352925700
352937988
352987140
352850948
352855044
352859140
352871428
352875524
352879620
352891908
352896004
352900100
352908292
352912388
352932868
352936964
352941060
352945156
352949252
352957444
352986116
353002500
353031172
353043460
353063940
353114116
353118212
353126404
353130500
353134596
353138692
353142788
353150980
353155076
353159172
353163268
353167364
353175556
353183748
353187844
353191940
353208324
353261572
353113092
353125380
353149956
353154052
353158148
353162244
353170436
353174532
353178628
353190916
353195012
353199108
353203204
353211396
353244164
353248260
353252356
353268740
353326084
353330180
353334276
353338372
344201220
344205316
344209412
344213508
344217604
344221700
344225796
344233988
344242180
344246276
344250372
344254468
344270852
344274948
344279044
344287236
344328196
344332292
344336388
344340484
344241156
344245252
344249348
344257540
344269828
344278020
344286212
344463364
344467460
344471556
344475652
344479748
344483844
344487940
344504324
344508420
344516612
344532996
344537092
344541188
344545284
344549380
344573956
344659972
344664068
344668164
344672260
344470532
344495108
344507396
344511492
344515588
344519684
344523780
344527876
344531972
344536068
344548356
344725508
344729604
344733700
344741892
344745988
344766468
344770564
344782852
344791044
344795140
344799236
344803332
344807428
344811524
344827908
344836100
344934404
344946692
344724484
344728580
344736772
344740868
344744964
344761348
344765444
344769540
344781828
344794116
344798212
344802308
344810500
305201156
305233928
352671748
352704516
352703492
352851972
352921604
353076228
344258564
344266756
344204292
344208388
344524804
344572932
344758276
344786948
304091152
304099336
304099340
304107552
304123920
304136200
304148492
304189444
305147928
305152016
305172484
305283076
305283080
305283084
305283088
305287172
305287176
305287180
305287184
305291268
305291272
305291276
305291280
305291292
305299468
306212876
306343948
306360324
306401284
306401288
306401292
306401296
306405380
306405384
306405388
306405392
306409476
306409480
306409484
306409488
306413572
306413576
306413580
306413584
306442272
352598020
352650244
352674820
352785412
352887812
352961540
353171460
353309700
353313796
353317892
353321988
344200196
344593412
304099352
304123908
304128028
304132112
304136204
304156684
304189472
305164316
305254404
306225164
306233372
306245644
306249756
306290708
306311188
306315292
306335756
344553476
344586244
344564740
304091168
304095256
304095260
304095264
304103436
304103452
304103456
304111636
304111640
304111644
304111648
304115744
304119812
304119840
304123936
304128012
304128032
304132128
304136208
304136216
304136220
304136224
304140296
304144388
304144408
304148496
304148508
304148512
304152584
304152596
304152600
304152608
304160800
304164872
304164888
304168968
304168984
304168992
304177156
304177180
304181260
304181264
304181276
304181280
304185348
304185376
304189460
304189464
304193540
304193544
304193568
304197636
304197652
304201732
304201760
305147916
305147924
305156100
305156124
305160216
305172496
305176608
305180680
305192980
305201180
305209348
305217556
305233940
305270796
305274912
305278980
305295368
305303568
305303584
305307680
305311756
306204676
306204680
306233348
306233364
306249732
306278432
306298908
306319364
306319368
306319372
306319376
306323464
306323468
306343964
306380804
306429984
306438172
352610308
352618500
352622596
352663556
352667652
352733188
352741380
352749572
352781316
352793604
352880644
352946180
352983044
352995332
352999428
353003524
353011716
353015812
353019908
353077252
352863236
352883716
352904196
352973828
353014788
353039364
353204228
353224708
353236996
353253380
353265668
353269764
353273860
353277956
353290244
344229892
344262660
344291332
344299524
344307716
344324100
344373252
344381444
344364036
344413188
344492036
344496132
344500228
344598532
344602628
344606724
344639492
344684548
344486916
344609796
344667140
344840196
344844292
344848388
344856580
344889348
344897540
344901636
344822788
344888324
344896516
344904708
344912900
344929284
344945668
