303042564
303042568
303042572
303042576
303042580
303042584
303042588
303042592
303046660
303046664
303046668
303046672
303046676
303046680
303046684
303046688
303050756
303050760
303050764
303050768
303050772
303050776
303050780
303050784
303054852
303054856
303054860
303054864
303054868
303054872
303054876
303054880
303058948
303058952
303058956
303058960
303058964
303058968
303058972
303058976
303063044
303063048
303063052
303063056
303063060
303063064
303063068
303063072
303067140
303067144
303067148
303067152
303067156
303067160
303067164
303067168
303071236
303071240
303071244
303071248
303071252
303071256
303071260
303071264
303075332
303075336
303075340
303075344
303075348
303075352
303075356
303075360
303079428
303079432
303079436
303079440
303079444
303079448
303079452
303079456
303083524
303083528
303083532
303083536
303083540
303083544
303083548
303083552
303087620
303087624
303087628
303087632
303087636
303087640
303087644
303087648
304091156
304115732
304115736
304115740
304128008
304144416
304173080
304181252
305201164
305246236
306278428
352589828
352593924
352602116
352614404
352626692
352630788
352634884
352643076
352647172
352651268
352659460
352708612
352729092
352613380
352625668
352629764
352633860
352637956
352642052
352646148
352699396
352707588
352711684
352756740
352773124
352856068
352860164
352864260
352868356
352872452
352876548
352884740
352888836
352892932
352897028
352901124
352909316
352913412
352917508
352925700
352937988
352987140
352850948
352855044
352859140
352871428
352875524
352879620
352891908
352896004
352900100
352908292
352912388
352932868
352936964
352941060
352945156
352949252
352957444
352986116
353002500
353031172
353043460
353063940
353114116
353118212
353126404
353130500
353134596
353138692
353142788
353150980
353155076
353159172
353163268
353167364
353175556
353183748
353187844
353191940
353208324
353261572
353113092
353125380
353149956
353154052
353158148
353162244
353170436
353174532
353178628
353190916
353195012
353199108
353203204
353211396
353244164
353248260
353252356
353268740
353326084
353330180
353334276
353338372
344201220
344205316
344209412
344213508
344217604
344221700
344225796
344233988
344242180
344246276
344250372
344254468
344270852
344274948
344279044
344287236
344328196
344332292
344336388
344340484
344241156
344245252
344249348
344257540
344269828
344278020
344286212
344463364
344467460
344471556
344475652
344479748
344483844
344487940
344504324
344508420
344516612
344532996
344537092
344541188
344545284
344549380
344573956
344659972
344664068
344668164
344672260
344470532
344495108
344507396
344511492
344515588
344519684
344523780
344527876
344531972
344536068
344548356
344725508
344729604
344733700
344741892
344745988
344766468
344770564
344782852
344791044
344795140
344799236
344803332
344807428
344811524
344827908
344836100
344934404
344946692
344724484
344728580
344736772
344740868
344744964
344761348
344765444
344769540
344781828
344794116
344798212
344802308
344810500
305201156
305233928
352671748
352704516
352703492
352851972
352921604
353076228
344258564
344266756
344204292
344208388
344524804
344572932
344758276
344786948
304091152
304099336
304099340
304107552
304123920
304136200
304148492
304189444
305147928
305152016
305172484
305283076
305283080
305283084
305283088
305287172
305287176
305287180
305287184
305291268
305291272
305291276
305291280
305291292
305299468
306212876
306343948
306360324
306401284
306401288
306401292
306401296
306405380
306405384
306405388
306405392
306409476
306409480
306409484
306409488
306413572
306413576
306413580
306413584
306442272
352598020
352650244
352674820
352785412
352887812
352961540
353171460
353309700
353313796
353317892
353321988
344200196
344593412
304099352
304123908
304128028
304132112
304136204
304156684
304189472
305164316
305254404
306225164
306233372
306245644
306249756
306290708
306311188
306315292
306335756
344553476
344586244
344564740
304091168
304095256
304095260
304095264
304103436
304103452
304103456
304111636
304111640
304111644
304111648
304115744
304119812
304119840
304123936
304128012
304128032
304132128
304136208
304136216
304136220
304136224
304140296
304144388
304144408
304148496
304148508
304148512
304152584
304152596
304152600
304152608
304160800
304164872
304164888
304168968
304168984
304168992
304177156
304177180
304181260
304181264
304181276
304181280
304185348
304185376
304189460
304189464
304193540
304193544
304193568
304197636
304197652
304201732
304201760
305147916
305147924
305156100
305156124
305160216
305172496
305176608
305180680
305192980
305201180
305209348
305217556
305233940
305270796
305274912
305278980
305295368
305303568
305303584
305307680
305311756
306204676
306204680
306233348
306233364
306249732
306278432
306298908
306319364
306319368
306319372
306319376
306323464
306323468
306343964
306380804
306429984
306438172
352610308
352618500
352622596
352663556
352667652
352733188
352741380
352749572
352781316
352793604
352880644
352946180
352983044
352995332
352999428
353003524
353011716
353015812
353019908
353077252
352863236
352883716
352904196
352973828
353014788
353039364
353204228
353224708
353236996
353253380
353265668
353269764
353273860
353277956
353290244
344229892
344262660
344291332
344299524
344307716
344324100
344373252
344381444
344364036
344413188
344492036
344496132
344500228
344598532
344602628
344606724
344639492
344684548
344486916
344609796
344667140
344840196
344844292
344848388
344856580
344889348
344897540
344901636
344822788
344888324
344896516
344904708
344912900
344929284
344945668
304091140
304091164
304095236
304095252
304099332
304099356
304099360
304103428
304103432
304103448
304107524
304107548
304111620
304115716
304115720
304119836
304123932
304128004
304128024
304132100
304132124
304136196
304140292
304140316
304140320
304144392
304144412
304148484
304152580
304152604
304156676
304156696
304156700
304156704
304160772
304160780
304160796
304164868
304164892
304164896
304168964
304168988
304173084
304173088
304177184
304185352
304185372
304189448
304189468
304193564
304197656
304197660
304197664
304201736
304201756
305229828
305233924
305274892
306262024
306323460
306323472
306327556
306327560
306327564
306327568
306331652
306331656
306331660
306331664
306384904
306429980
352606212
352700420
352745476
352757764
352761860
352617476
352974852
352991236
353007620
353024004
353028100
353027076
353122308
344295428
344422404
344578052
344610820
344614916
344737796
344762372
344778756
344819716
344832004
344852484
344868868
344877060
344881156
304091144
304091160
304095240
304099344
304099348
304107532
304115728
304119816
304119820
304119824
304123912
304123924
304123928
304128016
304128020
304132104
304132120
304140312
304144396
304144400
304144404
304148500
304148504
304152592
304156680
304156688
304156692
304160776
304164876
304164880
304164884
304168972
304168976
304173072
304173076
304177168
304181256
304185368
304189452
304193548
304193552
304197640
304197644
304197648
304201740
304201744
304201748
305139724
305139728
305143812
305147932
305152008
305152024
305152028
305160220
305164308
305168400
305168404
305172488
305172508
305176584
305176588
305180684
305184772
305188872
305188876
305188880
305197060
305201160
305201172
305205252
305205272
305213460
305221648
305225732
305225744
305225756
305229844
305238024
305242140
305250308
305258504
305258512
305258528
305262596
305262600
305266712
305270788
305270792
305270800
305270816
305274896
305279004
305279008
305283096
305283100
305287188
305291296
305295380
305299484
305303556
305303564
305303576
305307652
305307656
305307668
305311752
305311760
305311768
305311772
305315844
305315848
305315856
305315872
306188320
306192388
306192416
306204696
306208780
306216992
306229272
306229276
306233356
306233368
306237472
306241544
306241556
306241564
306245664
306249736
306266144
306270216
306278420
306282528
306294792
306294816
306298892
306298900
306302980
306307080
306307084
306307092
306311172
306311184
306311196
306311200
306315276
306319388
306319392
306327576
306327580
306343960
306348044
306348056
306356240
306364436
306368516
306376728
306376732
306384912
306389020
306397204
306401312
306409500
306417688
306417692
306421772
306421784
306425864
306434056
306438156
306438160
306442252
306446348
306446364
352655364
352679940
352716804
352720900
352765956
352778244
352798724
352588804
352592900
352601092
352654340
352695300
352752644
352764932
352769028
352789508
352905220
352942084
352958468
352962564
352966660
352978948
353069060
353073156
352953348
352969732
353022980
353072132
353146884
353179652
353200132
353257476
353286148
353294340
353310724
353331204
353141764
353219588
353235972
353260548
353281028
353285124
344283140
344360964
344369156
344377348
344228868
344355844
344368132
344372228
344421380
344520708
344619012
344647684
344676356
344680452
344474628
344540164
344577028
344601604
344622084
344650756
344754180
344860676
344872964
344938500
344942596
344950788
344777732
344871940
344876036
344941572
344949764
304091148
304095244
304095248
304107544
304119832
304123916
304140300
304148488
304152588
304160784
304160792
304173060
304173068
304177164
304177176
304181272
304185360
304193560
304201752
305160196
305160200
305192992
305209372
305209376
305233944
305238028
305250316
305254420
305262620
305315860
306192412
306200588
306286612
306348048
352691204
352809988
353006596
353216516
353228804
353137668
353289220
344565764
304103444
304107540
304111624
304115724
304140304
304160788
304181268
305143816
305143840
305147912
305152012
305156128
305160224
305164292
305164296
305164304
305168388
305168408
305172492
305176600
305180676
305180696
305180704
305184776
305184780
305184792
305192968
305197064
305197084
305197088
305201176
305209352
305209368
305213468
305217540
305217568
305221656
305221664
305225736
305225740
305229836
305229848
305233936
305238044
305242136
305246216
305250312
305250320
305250332
305250336
305258508
305258520
305262604
305274908
305283092
305291288
305295392
305299464
305299472
305299476
305299488
305311764
306188292
306188304
306188312
306192408
306196512
306200584
306200600
306212896
306216968
306216972
306225172
306229268
306237452
306237468
306257948
306262020
306262040
306262044
306266136
306270220
306274332
306282520
306294800
306302992
306302996
306307096
306327584
306331672
306339860
306348040
306348060
306352160
306356248
306360352
306364420
306364440
306368520
306372640
306384916
306388996
306389008
306397188
306397196
306397212
306429964
306434052
306434076
306446344
352688132
352770052
352806916
352609284
352670724
352723972
353040388
353052676
353060868
353220612
353232900
353241092
353327108
353186820
353256452
344311812
344397828
344401924
344290308
344306692
344323076
344380420
344388612
344512516
344528900
344557572
344623108
344655876
344482820
344597508
344638468
344750084
344885252
344893444
344732676
344757252
344814596
344900612
344925188
304107528
304177160
304185356
306204700
306212868
306249748
306253832
306253848
306384928
306421792
352638980
352692228
352696324
352621572
352678916
352683012
352687108
352715780
353249284
353318916
344238084
344320004
344348676
344406020
344823812
344908804
304103440
304111628
304119828
304132108
304132116
304168980
304189456
305139720
305139732
305139736
305143820
305152032
305156108
305184784
305184800
305192964
305192976
305192984
305197068
305205276
305209360
305209364
305213444
305213448
305213456
305217564
305225760
305229840
305229852
305238048
305242132
305242144
305258500
305262608
305262624
305266716
305266720
305270808
305274904
305278992
305283104
305287200
305295372
305295376
305299480
305303572
305307672
305311748
305315868
306196484
306196492
306200592
306200596
306200604
306208796
306216964
306221064
306221080
306221088
306225168
306225184
306237456
306245636
306266128
306270224
306274336
306278416
306282508
306298888
306298912
306302984
306315288
306331680
306343952
306352144
306352152
306356228
306368524
306376712
306376724
306376736
306384908
306389012
306393108
306401304
306405400
306409496
306421764
306421788
306429960
306442264
352675844
352684036
352724996
352737284
352774148
352786436
352658436
352662532
352666628
352732164
352748548
352933892
353036292
353048580
353056772
352924676
352928772
352965636
352982020
352994308
352998404
353010692
353245188
353323012
353117188
344315908
344344580
344356868
344389636
344261636
344302596
344310788
344314884
344331268
344347652
344384516
344425476
344561668
344627204
344643588
344589316
344617988
344634372
344654852
344658948
344774660
344909828
344806404
344839172
344843268
344859652
344863748
344921092
304111632
306221060
352736260
352929796
352990212
344426500
344590340
344635396
