10470 1745014140 1745021760
10473 1745187092 1745187742
10473 1745192356 1745193007
10480 1745187092 1745187742
10480 1745192356 1745193007
10491 1745318467 1745318644
10491 1745322294 1745322753
10497 1745394617 1745394928
10589 1746447148 1746447212
10612 1746893812 1746894125
10616 1747033176 1747033466
10624 1747227413 1747227558
10626 1747244967 1747245285
10626 1747245697 1747246372
10626 1747249720 1747250031
10626 1747250422 1747251069
10626 1747251116 1747251889
10626 1747254787 1747254918
10626 1747255019 1747255654
10626 1747255736 1747256502
10626 1747256667 1747257994
10638 1747421704 1747422192
10638 1747450679 1747450969
10639 1747463890 1747464379
10639 1747492632 1747493093
10640 1747504303 1747504791
10640 1747537595 1747538057
10644 1747616381 1747616871
10644 1747647997 1747648457
10645 1747668579 1747669069
10645 1747706855 1747707315
10647 1747717057 1747717545
10649 1747763089 1747763577
10649 1747804451 1747804911
10650 1747817018 1747817508
10653 1747920705 1747920713
10653 1747921302 1747921792
10656 1747961253 1747961745
10656 1747997644 1747998105
10659 1748030309 1748030749
10663 1748093406 1748093894
10665 1748119671 1748120160
10665 1748165866 1748166328
10666 1748175609 1748176098
10666 1748222810 1748223272
10670 1748367916 1748368407
10670 1748367956 1748368407
10670 1748376068 1748376532
10670 1748376108 1748376532
10671 1748385637 1748386128
10671 1748385687 1748386128
10671 1748428555 1748429017
10671 1748428595 1748429017
10673 1748497146 1748497638
10673 1748542030 1748542491
10675 1748591547 1748592043
10675 1748634087 1748634553
10677 1748705980 1748706479
10683 1748907953 1748908447
10683 1748950674 1748951138
10689 1749038125 1749038621
10689 1749086139 1749086608
10691 1749148505 1749149007
10697 1749284920 1749285419
10697 1749324897 1749325363
10697 1749339857 1749340355
10701 1749386531 1749386996
10705 1749465224 1749465724
10709 1749616382 1749616878
10709 1749723495 1749723967
10713 1749785847 1749786345
10717 1749857247 1749857745
10717 1749895931 1749896399
10721 1750013570 1750014067
10721 1750064047 1750064519
10731 1750164874 1750165381
10731 1750213539 1750214010
10732 1750297555 1750298030
10760 1751078588 1751078607
10760 1751078588 1751079125
10770 1751171731 1751172362
10773 1751240742 1751241223
10782 1751380806 1751382789
10782 1751382992 1751384927
10782 1751385095 1751387074
10782 1751387300 1751387599
10782 1751387756 1751388767
10782 1751389019 1751389815
10788 1751555195 1751555654
10802 1751694504 1751696424
10802 1751696620 1751698509
10802 1751698691 1751700612
10802 1751700666 1751700964
10802 1751701046 1751701997
10802 1751702213 1751702975
10808 1751881758 1751883681
10808 1751883893 1751885402
10808 1751885683 1751887225
10808 1751887398 1751888910
10808 1751889066 1751890699
10808 1751890701 1751890959
10808 1751891160 1751892115
10813 1751990381 1751991932
10813 1751992145 1751993098
10813 1752003534 1752005087
10813 1752005230 1752006745
10813 1752006924 1752008474
10813 1752008656 1752010167
10813 1752010348 1752010646
10821 1752168266 1752168894
10824 1752215373 1752216024
10824 1752245522 1752246175
10824 1752260558 1752261189
10825 1752303739 1752304938
10826 1752340164 1752340474
10826 1752340760 1752343199
10826 1752343455 1752345915
10826 1752346253 1752348690
10826 1752348913 1752355666
10826 1752356091 1752358529
10826 1752358741 1752359052
10826 1752378717 1752379027
10826 1752379393 1752381832
10826 1752382151 1752384467
10826 1752384993 1752387308
10826 1752387571 1752390008
10826 1752390311 1752392769
10826 1752393092 1752395531
10826 1752395804 1752402555
10826 1752403046 1752405487
10826 1752405672 1752407268
10826 1752407414 1752407724
10827 1752447131 1752449752
10827 1752450004 1752450233
10827 1752450326 1752452941
10827 1752453170 1752455691
10827 1752455979 1752456205
10827 1752456303 1752458823
10827 1752459050 1752461041
10831 1752482683 1752484749
10831 1752486016 1752488089
10831 1752489649 1752491708
10831 1752494422 1752496491
10831 1752497439 1752499507
10831 1752500264 1752502324
10831 1752503504 1752505566
10831 1752505987 1752508620
10843 1752668476 1752668775
10843 1752668982 1752670957
10843 1752671433 1752672720
10843 1752673057 1752674903
10843 1752676072 1752676945
10843 1752679716 1752682487
10845 1752730448 1752734417
10845 1752735891 1752736666
10850 1752785694 1752786197
10852 1752865045 1752865520
10855 1752893262 1752893763
10855 1752896259 1752900263
10857 1752940901 1752941417
10857 1752991974 1752992619
10859 1753013828 1753014507
10859 1753044954 1753045461
10865 1753126803 1753127346
10871 1753284157 1753284647
10871 1753317300 1753317762
10871 1753331393 1753331853
10875 1753412957 1753413455
10875 1753443533 1753444003
10875 1753450176 1753450647
10875 1753452184 1753452655
10875 1753459982 1753460452
10905 1754101147 1754101637
10905 1754146399 1754146858
10907 1754175300 1754175791
10907 1754224972 1754225433
10911 1754317858 1754318349
10915 1754394818 1754395308
10919 1754422142 1754422632
10921 1754500450 1754500944
10921 1754545543 1754546006
10927 1754689571 1754690065
10931 1754772243 1754772739
10935 1754864956 1754865451
10939 1754990624 1754991116
10939 1755039212 1755039672
10943 1755159797 1755160291
10945 1755188621 1755189116
10955 1755436384 1755436879
10955 1755482430 1755482895
10959 1755545201 1755545696
10959 1755590435 1755590900
10959 1755591994 1755592460
10961 1755609678 1755610173
10961 1755656674 1755657137
10969 1755803581 1755804073
10971 1755850359 1755850852
10971 1755897891 1755898355
10973 1755965589 1755966086
10973 1756015276 1756015741
10975 1756033669 1756034164
10975 1756078342 1756078807
10981 1756182355 1756182847
10981 1756228757 1756229226
10985 1756331085 1756331581
10985 1756381093 1756381560
10993 1756556436 1756556934
10993 1756602904 1756603369
11047 1757322999 1757323490
11047 1757359201 1757359664
11053 1757409748 1757410241
11053 1757459451 1757459913
11055 1757480969 1757481464
11059 1757610631 1757611123
11059 1757660056 1757660524
11067 1757800315 1757800810
11069 1757852995 1757853493
11071 1757930240 1757930737
11077 1758059759 1758060254
11079 1758122939 1758123436
11079 1758123957 1758124453
11081 1758159888 1758160385
11085 1758235441 1758235936
11089 1758374563 1758375059
11091 1758404602 1758405100
11101 1758624990 1758625487
11101 1758670907 1758671380
11105 1758736544 1758737040
11105 1758780035 1758780504
11107 1758825547 1758826041
11109 1758884601 1758885100
11109 1758934524 1758934992
11119 1759116356 1759116492
11121 1759134958 1759135458
11126 1759251544 1759252044
11126 1759297382 1759297847
11129 1759388385 1759388885
11129 1759434200 1759434669
11133 1759560894 1759561392
11133 1759609379 1759609845
11135 1759674525 1759675025
11170 1760049977 1760050476
11171 1760079105 1760079605
11171 1760135837 1760136303
11173 1760160865 1760161359
11179 1760359403 1760359898
11181 1760386020 1760386516
11183 1760406611 1760407108
11193 1760551240 1760551740
11195 1760583927 1760584425
11197 1760650149 1760650647
11197 1760679993 1760680461
11201 1760746065 1760746567
11201 1760786179 1760786651
11203 1760847013 1760847515
11205 1760876824 1760877326
11209 1760991573 1760992074
11209 1761032024 1761032494
11211 1761096619 1761097118
11211 1761142165 1761142633
11221 1761387822 1761388320
11221 1761432303 1761432774
11223 1761494428 1761494926
11223 1761542578 1761543047
11227 1761596392 1761596890
11227 1761641518 1761641990
11229 1761692909 1761693410
11229 1761742704 1761743227
11237 1762146269 1762146765
11239 1762253273 1762253768
11245 1762361557 1762361928
11245 1762365875 1762366334
