304091160
304091164
304095236
304099332
304099352
304103428
304103448
304107524
304107528
304107536
304107540
304111620
304111628
304115728
304115732
304119812
304119820
304119828
304119836
304119840
304123912
304123928
304128012
304128020
304132112
304136208
304136212
304136216
304136220
304140292
304140308
304140312
304144388
304144392
304144408
304144412
304148484
304148508
304152584
304152588
304152596
304156676
304156684
304156692
304156696
304160776
304160784
304160788
304160792
304164868
304164872
304164876
304164884
304168964
304168988
304177168
304177184
304181256
304181260
304181264
304181280
304185360
304185376
304189468
304193544
304193548
304193560
304197636
304197656
304197664
304201740
304201748
304201752
304201756
305139716
305143832
305147924
305147936
305156104
305156108
305160208
305164312
305168404
305176584
305176588
305176592
305176596
305180688
305180700
305180704
305184796
305184800
305188868
305188872
305188896
305192980
305192988
305197068
305201180
305205276
305209372
305213444
305221648
305229832
305229836
305229840
305233952
305238020
305238028
305242116
305242128
305250316
305254404
305258504
305258516
305258528
305262596
305262600
305262604
305262608
305270796
305270800
305278992
305283088
305283104
305295376
305295388
305299472
305299484
305303556
305307652
305307656
305307664
305307668
305311756
305311760
305315848
305315856
305315860
305315872
306188316
306192404
306192408
306192416
306196488
306200604
306200608
306212868
306212872
306216984
306216988
306216992
306221088
306225180
306225184
306229280
306237464
306241544
306245656
306249748
306249760
306253832
306257936
306257944
306257948
306262044
306266136
306270212
306274328
306274336
306278412
306282504
306286596
306286600
306286604
306286612
306286624
306290708
306290712
306290720
306298900
306298908
306302980
306302988
306303008
306307088
306307096
306311188
306315292
306319372
306319384
306323464
306323468
306323472
306327572
306327576
306327584
306331680
306335764
306335772
306339860
306339864
306343940
306343944
306352132
306352136
306352152
306356228
306356236
306356244
306360328
306360332
306360336
306360344
306360348
306364420
306364424
306364428
306364432
306372636
306376716
306376728
306384916
306393112
306393120
306397208
306397212
306397216
306405404
306409480
306409488
306409492
306409496
306413572
306413588
306413596
306413600
306421772
306421788
306434076
306438152
306446360
344212484
344216580
344217604
344224772
344225796
344228868
344232964
344237060
344257540
344266756
344269828
344270852
344290308
344295428
344299524
344306692
344310788
344311812
344327172
344328196
344331268
344335364
344344580
344351748
344355844
344373252
344377348
344384516
344392708
344396804
344413188
344467460
344491012
344508420
344511492
344520708
344541188
344553476
344556548
344565764
344589316
344594436
344597508
344598532
344609796
344643588
344671236
344676356
344679428
344680452
344683524
344684548
344688644
344737796
344807428
344811524
344819716
344826884
344840196
344847364
344848388
344855556
344859652
344860676
344871940
344872964
344892420
344900612
344904708
344905732
344908804
344909828
344912900
344913924
344916996
344921092
344929284
344934404
344937476
344941572
344945668
344949764
352622596
352630788
352658436
352659460
352678916
352683012
352696324
352699396
352708612
352712708
352719876
352728068
352737284
352741380
352744452
352756740
352761860
352777220
352789508
352806916
352850948
352859140
352860164
352864260
352871428
352892932
352896004
352908292
352933892
352936964
352949252
352966660
352973828
352974852
352977924
352978948
352982020
352983044
352986116
352987140
352990212
352991236
353002500
353011716
353015812
353044484
353060868
353063940
353068036
353069060
353072132
353113092
353118212
353122308
353126404
353133572
353137668
353155076
353158148
353166340
353190916
353199108
353203204
353235972
353236996
353244164
353248260
353249284
353253380
353256452
353268740
353272836
353289220
353309700
353313796
353317892
353321988
303042564
303042568
303042572
303042576
303042580
303042584
303042588
303042592
303046660
303046664
303046668
303046672
303046676
303046680
303046684
303046688
303050756
303050760
303050764
303050768
303050772
303050776
303050780
303050784
303054852
303054856
303054860
303054864
303054868
303054872
303054876
303054880
303058948
303058952
303058956
303058960
303058964
303058968
303058972
303058976
303063044
303063048
303063052
303063056
303063060
303063064
303063068
303063072
303067140
303067144
303067148
303067152
303067156
303067160
303067164
303067168
303071236
303071240
303071244
303071248
303071252
303071256
303071260
303071264
303075332
303075336
303075340
303075344
303075348
303075352
303075356
303075360
303079428
303079432
303079436
303079440
303079444
303079448
303079452
303079456
303083524
303083528
303083532
303083536
303083540
303083544
303083548
303083552
303087620
303087624
303087628
303087632
303087636
303087640
303087644
303087648
304091152
304099336
304099340
304107552
304123920
304136200
304189444
305147928
305172484
305283084
306212876
306245644
306343948
306360324
344200196
344593412
352598020
352650244
352674820
352785412
352887812
352961540
353171460
