304099352
304107528
304119828
304136208
304136220
304144408
304144416
304152588
304173068
304181260
304193560
304193564
305143832
305172512
305176592
305192980
305205276
305209376
305221648
305250336
305254404
305266720
305283096
305283104
305291292
305303556
305303560
305303564
305303568
305307676
306192404
306192416
306196508
306196512
306200604
306200608
306208788
306208792
306212888
306216972
306216992
306225172
306225176
306229252
306229272
306233360
306241540
306241564
306270216
306270236
306274336
306278432
306290708
306290712
306290716
306290720
306311188
306319364
306319368
306319384
306323460
306323464
306323468
306323480
306327556
306327560
306327564
306327568
306331652
306331656
306331664
306335756
306343940
306352136
306352140
306356236
306356240
306368536
306368540
306376724
306389016
306393108
306393112
306397200
306397212
306405380
306405388
306405392
306405396
306405408
306413572
306413576
306413588
306421764
306421768
306421772
306421776
306429960
306429968
306446340
306446368
344216580
344233988
344307716
344352772
344359940
344360964
344364036
344365060
344368132
344369156
344372228
344373252
344376324
344377348
344589316
344630276
344847364
344908804
344912900
344921092
344949764
352684036
352724996
352753668
352769028
352781316
352789508
352904196
352994308
352995332
352998404
352999428
353002500
353003524
353006596
353007620
353010692
353011716
353133572
353203204
353236996
353240068
353256452
353257476
353260548
353261572
353264644
353265668
353268740
353269764
353272836
353273860
353294340
353298436
353302532
353306628
353330180
353338372
304091148
304091160
304091168
304095236
304095244
304095260
304099332
304099344
304099348
304099352
304103452
304107528
304111620
304111636
304115720
304115724
304115736
304115740
304119820
304119828
304119832
304123916
304128032
304132108
304132116
304132120
304136196
304136204
304136208
304136220
304136224
304140292
304140308
304140316
304140320
304144388
304144400
304144404
304144408
304144412
304144416
304148496
304148504
304152584
304152588
304152592
304152596
304152608
304156680
304156684
304156692
304156696
304160772
304160784
304164868
304168968
304168972
304168980
304168988
304173068
304177176
304177180
304181252
304181260
304181264
304181272
304181280
304185376
304189448
304189464
304189472
304193540
304193544
304193556
304193560
304193564
304197656
304197664
304201760
305139740
305143820
305143832
305147908
305147920
305147924
305152012
305152020
305152032
305156116
305160212
305160220
305160224
305168388
305168404
305172488
305172500
305172512
305176592
305184776
305184784
305188868
305192964
305192980
305201160
305205252
305205272
305205276
305209352
305209356
305209376
305213456
305213472
305217548
305221648
305221656
305225752
305229840
305238024
305238032
305242124
305246236
305246240
305250324
305250336
305254404
305254412
305266692
305266708
305266720
305274900
305274912
305279000
305283088
305283096
305283104
305287172
305291272
305291292
305299476
305303556
305303560
305303564
305303568
305303576
305303580
305307668
305307676
305307680
305311764
305315860
306192404
306192408
306192416
306196492
306196508
306196512
306200596
306200604
306200608
306208788
306208792
306212888
306216972
306216992
306225164
306225172
306225176
306229252
306229268
306229272
306233356
306233360
306233376
306241540
306241564
306253832
306253856
306262020
306270216
306270236
306274308
306274336
306278412
306278432
306290700
306290708
306290712
306290716
306290720
306298888
306302992
306307080
306307084
306307096
306311180
306311188
306319364
306319368
306319372
306319376
306319380
306319384
306319392
306323460
306323464
306323468
306323472
306323480
306327556
306327560
306327564
306327568
306331652
306331656
306331660
306331664
306335756
306343940
306352136
306352140
306356236
306356240
306368536
306368540
306376724
306384928
306389016
306393108
306393112
306397200
306397212
306405380
306405388
306405392
306405396
306405408
306413572
306413576
306413588
306421764
306421768
306421772
306421776
306425880
306429960
306429968
306438168
306446340
306446368
344205316
344208388
344213508
344216580
344221700
344224772
344233988
344237060
344253444
344258564
344269828
344273924
344278020
344283140
344287236
344307716
344314884
344318980
344347652
344352772
344359940
344360964
344364036
344365060
344368132
344369156
344372228
344373252
344376324
344377348
344487940
344527876
344541188
344545284
344565764
344585220
344589316
344622084
344630276
344663044
344683524
344687620
344688644
344732676
344736772
344737796
344750084
344785924
344794116
344798212
344803332
344811524
344818692
344843268
344847364
344848388
344851460
344864772
344876036
344885252
344889348
344893444
344901636
344908804
344909828
344912900
344913924
344921092
344922116
344933380
344942596
344945668
344949764
352589828
352593924
352605188
352613380
352643076
352655364
352658436
352663556
352667652
352683012
352684036
352688132
352692228
352696324
352699396
352712708
352724996
352733188
352737284
352749572
352753668
352761860
352769028
352770052
352781316
352789508
352797700
352798724
352864260
352871428
352872452
352891908
352892932
352897028
352904196
352925700
352928772
352950276
352957444
352962564
352970756
352994308
352995332
352998404
352999428
353002500
353003524
353006596
353007620
353010692
353011716
353036292
353039364
353040388
353113092
353117188
353122308
353133572
353137668
353138692
353150980
353170436
353175556
353178628
353186820
353199108
353203204
353207300
353223684
353227780
353236996
353240068
353241092
353245188
353256452
353257476
353260548
353261572
353264644
353265668
353268740
353269764
353272836
353273860
353277956
353294340
353298436
353302532
353305604
353306628
353326084
353327108
353330180
353335300
353338372
353339396
