303042564
303042568
303042572
303042576
303042580
303042584
303042588
303042592
303046660
303046664
303046668
303046672
303046676
303046680
303046684
303046688
303050756
303050760
303050764
303050768
303050772
303050776
303050780
303050784
303054852
303054856
303054860
303054864
303054868
303054872
303054876
303054880
303058948
303058952
303058956
303058960
303058964
303058968
303058972
303058976
303063044
303063048
303063052
303063056
303063060
303063064
303063068
303063072
303067140
303067144
303067148
303067152
303067156
303067160
303067164
303067168
303071236
303071240
303071244
303071248
303071252
303071256
303071260
303071264
303075332
303075336
303075340
303075344
303075348
303075352
303075356
303075360
303079428
303079432
303079436
303079440
303079444
303079448
303079452
303079456
303083524
303083528
303083532
303083536
303083540
303083544
303083548
303083552
303087620
303087624
303087628
303087632
303087636
303087640
303087644
303087648
304091148
304091156
304091160
304091164
304091168
304095236
304095244
304095260
304099332
304099344
304099348
304099352
304103428
304103452
304103456
304107528
304107532
304107544
304107548
304111620
304111628
304111636
304115720
304115724
304115736
304115740
304119812
304119820
304119828
304119832
304123908
304123916
304123928
304128004
304128032
304132108
304132116
304132120
304132124
304136196
304136200
304136204
304136208
304136220
304136224
304140292
304140308
304140312
304140316
304140320
304144388
304144400
304144404
304144408
304144412
304144416
304148496
304148504
304152584
304152588
304152592
304152596
304152608
304156684
304156692
304156696
304160772
304160780
304160784
304160788
304164868
304164880
304168968
304168972
304168976
304168980
304168988
304168992
304173068
304173072
304173080
304177160
304177168
304177172
304177176
304177180
304177184
304181252
304181260
304181264
304181272
304181280
304185376
304189448
304189464
304189468
304189472
304193540
304193544
304193556
304193560
304193564
304197656
304197664
304201744
304201752
304201760
305139740
305143816
305143820
305143832
305147908
305147920
305147924
305152012
305152020
305152032
305156108
305156116
305160212
305160220
305168388
305168404
305172488
305172500
305172512
305176588
305176592
305184772
305184784
305184796
305188868
305188876
305188892
305192972
305192976
305192980
305201160
305205252
305205272
305205276
305209352
305209356
305209376
305213456
305213464
305213472
305217548
305217564
305221636
305221640
305221648
305221652
305221656
305225732
305225752
305225760
305229840
305229844
305233928
305238024
305238032
305238040
305242124
305246224
305246236
305246240
305250324
305250336
305254404
305254412
305254424
305258500
305262608
305266692
305266708
305274900
305274904
305274912
305278984
305279000
305283088
305283096
305283104
305287172
305291272
305291276
305291292
305299468
305299476
305303556
305303560
305303564
305303568
305307668
305307676
305307680
305311748
305311756
305311764
305315860
306192396
306192404
306192416
306196508
306200580
306200588
306200608
306204680
306204700
306204704
306208780
306208792
306212888
306216972
306216980
306216992
306221072
306225168
306225172
306225176
306229260
306229272
306233348
306233360
306241564
306245656
306245664
306249748
306253840
306253856
306257924
306262024
306262040
306266128
306270216
306270236
306274336
306278432
306282524
306286600
306286620
306290708
306290712
306290716
306290720
306294788
306294808
306294816
306298904
306303004
306311180
306311188
306311192
306311196
306319364
306319368
306319392
306323464
306327560
306327564
306327568
306331664
306335756
306335764
306335772
306339848
306343968
306348036
306348052
306352144
306352148
306356236
306356240
306356252
306360336
306364424
306364444
306368532
306368540
306372628
306376720
306376724
306380812
306389016
306393092
306393108
306393112
306397200
306397212
306401288
306401292
306405380
306405388
306405392
306405408
306409492
306409496
306409504
306413572
306413576
306413580
306413588
306413596
306417680
306421764
306421768
306421772
306421776
306429956
306429960
306429968
306438168
306442268
306442272
306446356
306446364
306446368
352602116
352606212
352618500
352622596
352634884
352638980
352659460
352663556
352671748
352675844
352708612
352720900
352729092
352733188
352737284
352741380
352745476
352749572
352753668
352757764
352765956
352794628
352806916
352811012
352588804
352596996
352654340
352666628
352678916
352683012
352687108
352691204
352695300
352699396
352703492
352707588
352711684
352715780
352888836
352905220
352929796
352962564
352983044
352995332
353003524
353011716
353019908
353060868
353069060
352867332
352875524
352957444
352986116
352994308
353022980
353063940
353072132
353076228
353130500
353138692
353142788
353150980
353167364
353175556
353191940
353196036
353216516
353236996
353253380
353261572
353265668
353269764
353273860
353286148
353290244
353302532
353121284
353129476
353133572
353137668
353149956
353166340
353186820
353190916
353252356
353256452
353260548
353264644
353276932
353301508
353321988
353326084
344201220
344205316
344213508
344233988
344238084
344250372
344254468
344262660
344291332
344299524
344307716
344311812
344336388
344340484
344348676
344352772
344360964
344393732
344422404
344220676
344245252
344261636
344269828
344294404
344302596
344331268
344335364
344351748
344355844
344372228
344388612
344392708
344409092
344413188
344463364
344471556
344479748
344492036
344496132
344500228
344504324
344508420
344532996
344545284
344549380
344557572
344569860
344614916
344619012
344623108
344664068
344676356
344688644
344470532
344474628
344491012
344519684
344523780
344527876
344531972
344536068
344540164
344544260
344548356
344552452
344556548
344593412
344605700
344613892
344725508
344733700
344745988
344766468
344770564
344774660
344778756
344799236
344803332
344807428
344815620
344840196
344848388
344852484
344856580
344872964
344889348
344897540
344905732
344909828
344946692
344950788
344724484
344744964
344749060
344753156
344765444
344781828
344785924
344790020
344794116
344798212
344802308
344806404
344810500
344814596
344818692
344826884
344859652
344867844
344876036
344880132
344884228
344888324
344896516
344904708
344912900
344921092
344929284
344945668
304091152
304095240
304095248
304095256
304095264
304099336
304099340
304099356
304099360
304103432
304103436
304107524
304107536
304107552
304111624
304111632
304111640
304111644
304111648
304115716
304115728
304115732
304119816
304119824
304119836
304119840
304123912
304123920
304123932
304123936
304128008
304128012
304128016
304128020
304128024
304128028
304132100
304132104
304132112
304132128
304136216
304140300
304140304
304144392
304144396
304148484
304148488
304148500
304148508
304152580
304156680
304160776
304160792
304160800
304164872
304164884
304164888
304168964
304168984
304173064
304173076
304173084
304177156
304177164
304181256
304181268
304181276
304185348
304185352
304185356
304185360
304185368
304185372
304189444
304189456
304189460
304193548
304193552
304193568
304197636
304197640
304197644
304197648
304201732
304201736
304201740
304201748
305139720
305139732
305143828
305147928
305152016
305156128
305160224
305164304
305168416
305172484
305180688
305184776
305184780
305184788
305188872
305192964
305192984
305201164
305201176
305213444
305225736
305233936
305233940
305233952
305246232
305258512
305266704
305266712
305266720
305270792
305270816
305274888
305274896
305274908
305283084
305287176
305287184
305295364
305299488
305303576
305311776
305315848
305315864
305315868
306192408
306196488
306196512
306200592
306200604
306208788
306212872
306212876
306216976
306221064
306225160
306225164
306225184
306229252
306229264
306229268
306229276
306233356
306233372
306237452
306237472
306241540
306241544
306241552
306241560
306245644
306253832
306262020
306262028
306262032
306270224
306274328
306282508
306286612
306286616
306294796
306298888
306302992
306307080
306307084
306307092
306307096
306307100
306319372
306319376
306319380
306319384
306323460
306323468
306323480
306327572
306327580
306331656
306331660
306335768
306339852
306339860
306339864
306339868
306343940
306343948
306343960
306348056
306352136
306352140
306352156
306360324
306360332
306368520
306368536
306368544
306380820
306384916
306389012
306389020
306389024
306393100
306397192
306397196
306401284
306401296
306405396
306409488
306413600
306421788
306425868
306425872
306425880
306429980
306434052
306434060
306446340
352589828
352598020
352610308
352614404
352647172
352684036
352688132
352692228
352696324
352700420
352724996
352617476
352621572
352625668
352629764
352633860
352752644
352756740
352814084
352851972
352864260
352868356
352872452
352880644
352884740
352901124
352921604
352954372
352958468
352991236
352999428
353040388
353044484
353064964
352883716
352912388
352920580
352924676
352932868
352941060
352969732
352973828
353006596
353027076
353134596
353163268
353208324
353220612
353228804
353232900
353241092
353282052
353323012
353331204
353158148
353170436
353174532
353178628
353195012
353211396
353215492
353223684
353235972
353240068
353281028
353285124
353313796
353317892
353334276
344209412
344221700
344225796
344258564
344287236
344324100
344328196
344332292
344344580
344369156
344373252
344377348
344389636
344401924
344410116
344418308
344426500
344241156
344265732
344286212
344310788
344318980
344364036
344384516
344396804
344467460
344475652
344483844
344487940
344516612
344524804
344537092
344541188
344565764
344598532
344627204
344684548
344466436
344507396
344515588
344609796
344622084
344675332
344683524
344729604
344737796
344750084
344762372
344811524
344827908
344836100
344844292
344860676
344901636
344913924
344938500
344732676
344740868
344761348
344769540
344777732
344839172
344933380
344937476
344941572
344949764
304091140
304091144
304115744
304140296
304148492
304148512
304152604
304156676
304156700
304156704
304160796
304164876
304164892
304164896
304173060
304173088
304189452
304197660
304201756
305139736
305180676
305217544
305242116
305242120
305283092
305299460
305303580
306200596
306212884
306225156
306249752
306253848
306257952
306270232
306278420
306286604
306286608
306315284
306323472
306327556
306331652
306331668
306335748
306343956
306352152
306372632
306393104
306409500
306429964
352626692
352778244
352782340
352670724
352760836
352892932
352913412
352970756
352978948
353007620
353028100
353056772
352908292
353122308
353126404
353179652
353200132
353224708
353249284
353339396
353113092
353182724
353203204
353293316
353309700
344229892
344242180
344279044
344283140
344295428
344320004
344365060
344414212
344200196
344639492
344782852
344868868
344926212
344934404
344728580
344847364
304095252
304103448
304136212
304197652
305152004
305160200
305164296
305164312
305168408
305176596
305197076
305201172
305205256
305205268
305209364
305213460
305217560
305221660
305229828
305246228
305262612
305274892
305287180
305291284
306188296
306196500
306208784
306208796
306212880
306212896
306216964
306216968
306233364
306233376
306237464
306249736
306249740
306249756
306253828
306257932
306262044
306270240
306278408
306278412
306290704
306343964
306352132
306356256
306360344
306368528
306384928
306397208
306405400
306413584
306413592
306425876
306442256
352651268
352770052
352781316
352793604
352856068
352897028
352909316
352925700
352933892
352946180
352950276
353032196
353048580
352855044
352891908
353146884
353155076
353159172
353171460
353183748
353204228
353257476
353277956
353310724
353335300
353207300
353330180
353338372
344217604
344246276
344266756
344270852
344274948
344303620
344315908
344224772
344528900
344573956
344582148
344586244
344590340
344602628
344606724
344631300
344635396
344651780
344668164
344672260
344495108
344503300
344617988
344667140
344741892
344758276
344819716
344832004
344864772
344877060
344881156
344885252
344893444
344822788
344871940
344916996
344925188
304107540
305139716
305156104
305160208
305176584
305180700
305180704
305184800
305197068
305201180
305229832
305229836
305238020
305238028
305242128
305250316
305258504
305258516
305262596
305262600
305262604
305270796
305270800
305278992
305291268
305295376
305295388
305299472
305299484
305307652
305307656
305307664
305311760
305315856
305315872
306188316
306212868
306216988
306229280
306249760
306257936
306257944
306266120
306266136
306270212
306282504
306298908
306303008
306315292
306327576
306327584
306343944
306356228
306356244
306360328
306360348
306364420
306364428
306364432
306376716
306397216
306405404
306409480
306434076
306438152
352643076
352655364
352704516
352790532
352802820
352815108
352613380
352650244
352728068
353036292
352887812
352896004
353039364
353051652
353055748
353059844
353114116
353118212
353306628
353219588
353305604
344381444
344212484
344232964
344249348
344278020
344282116
344347652
344553476
344578052
344511492
344564740
344654852
344658948
344671236
344754180
344757252
304103440
304152600
304156688
305147936
305164308
305180684
305192988
305192992
305209372
305225744
305246216
306200600
306216984
306221088
306257940
306257948
306286596
306302980
306302988
306331680
306368516
306376728
306380808
306388996
306417668
306438176
306446360
352593924
352630788
352761860
352786436
352662532
352785412
352860164
352876548
352917508
352937988
352942084
352966660
352974852
352987140
353015812
353024004
353068036
353187844
353212420
353245188
353318916
353117188
353145860
353154052
353244164
353248260
353268740
344356868
344237060
344520708
344594436
344610820
344659972
344680452
344786948
344791044
344795140
344795140
344823812
344773636
304103444
304103444
304123924
304185364
304185364
305152028
305164292
305164300
305168392
305176580
305180680
305188896
305197072
305201156
305205280
305233924
305233932
305246212
305250308
305250312
305254408
305262624
305266696
305266700
305270788
305274884
305283076
305283080
305299464
305311752
306245640
306274308
306286624
306335760
306339844
306368524
306397204
306425888
306429984
352667652
352679940
352679940
352712708
352716804
352774148
352658436
352732164
352744452
352809988
352850948
352916484
353314820
353272836
344273924
344306692
344512516
344561668
344478724
344482820
344486916
344499204
344597508
344930308
344892420
305139724
305143812
305147912
305147916
305152008
305156100
305160196
305160204
305168396
305172492
305192968
305197060
305197064
305201168
305205260
305213448
305213468
305217540
305221644
305225740
305238036
305246220
305258508
305258528
305278980
305278988
305279004
305295368
305295372
305307660
305315844
305315852
306192412
306196484
306196492
306262048
306274316
306319388
306323488
306384920
306393120
306405384
306429976
352798724
352637956
352740356
353073156
352859140
353047556
353294340
344397828
344290308
344298500
344323076
344655876
344918020
305147932
305156112
305164316
305168412
305176608
305180692
305188884
305188888
305197080
305229856
305238048
305262620
305266716
305270804
305279008
305291288
305291296
306188292
306188300
306188304
306188308
306204684
306208800
306233352
306241556
306253844
306266124
306270220
306274312
306294800
306311184
306315268
306315272
306323476
306352160
306376708
306393096
306409476
306421784
306425864
306438164
306442244
306442260
306442264
306446352
352592900
352601092
352605188
352801796
353052676
352871428
352953348
352998404
353010692
353298436
353289220
353297412
344368132
344380420
344425476
344560644
344626180
344638468
344642564
344646660
344650756
344843268
344851460
344863748
305164320
305209348
305250332
305295392
305303584
306249744
306294792
306311172
306315276
306356232
306376712
306393116
344406020
344679428
344942596
344830980
344908804
305197084
305209368
305262616
305295384
306208772
306229256
306245652
306253836
306278424
306278428
306282520
306282528
306290700
306294804
306298912
306303000
306323484
306339872
306343952
306360352
306364440
306380828
306384900
306397188
306417696
306438160
352748548
352949252
353162244
344204292
344208388
344216580
344257540
344589316
305184792
305233944
305242132
305291280
305307672
306204688
306262036
306348044
306380824
306380832
306401312
306417692
306446344
352642052
352769028
353125380
344385540
344400900
344404996
344417284
344421380
344462340
344585220
344835076
305172504
305172508
305213452
305217568
305242136
305242144
305258520
305311772
306204676
306208776
306221080
306266144
306298896
306307076
306335776
306339856
306348040
306372616
306372624
306372636
306389004
352646148
344253444
344314884
344736772
