303042564
303042568
303042572
303042576
303042580
303042584
303042588
303042592
303046660
303046664
303046668
303046672
303046676
303046680
303046684
303046688
303050756
303050760
303050764
303050768
303050772
303050776
303050780
303050784
303054852
303054856
303054860
303054864
303054868
303054872
303054876
303054880
303058948
303058952
303058956
303058960
303058964
303058968
303058972
303058976
303063044
303063048
303063052
303063056
303063060
303063064
303063068
303063072
303067140
303067144
303067148
303067152
303067156
303067160
303067164
303067168
303071236
303071240
303071244
303071248
303071252
303071256
303071260
303071264
303075332
303075336
303075340
303075344
303075348
303075352
303075356
303075360
303079428
303079432
303079436
303079440
303079444
303079448
303079452
303079456
303083524
303083528
303083532
303083536
303083540
303083544
303083548
303083552
303087620
303087624
303087628
303087632
303087636
303087640
303087644
303087648
304091152
304099336
304099340
304107552
304123920
304136200
304189444
305147928
305172484
305283084
306212876
306245644
306343948
306360324
344200196
344593412
352598020
352650244
352674820
352785412
352887812
352961540
353171460
