303042564
303042568
303042572
303042576
303042580
303042584
303042588
303042592
303046660
303046664
303046668
303046672
303046676
303046680
303046684
303046688
303050756
303050760
303050764
303050768
303050772
303050776
303050780
303050784
303054852
303054856
303054860
303054864
303054868
303054872
303054876
303054880
303058948
303058952
303058956
303058960
303058964
303058968
303058972
303058976
303063044
303063048
303063052
303063056
303063060
303063064
303063068
303063072
303067140
303067144
303067148
303067152
303067156
303067160
303067164
303067168
303071236
303071240
303071244
303071248
303071252
303071256
303071260
303071264
303075332
303075336
303075340
303075344
303075348
303075352
303075356
303075360
303079428
303079432
303079436
303079440
303079444
303079448
303079452
303079456
303083524
303083528
303083532
303083536
303083540
303083544
303083548
303083552
303087620
303087624
303087628
303087632
303087636
303087640
303087644
303087648
304091152
304099336
304099340
304107552
304123920
304136200
304189444
305147928
305172484
305283084
306212876
306245644
306343948
306360324
344200196
344593412
352598020
352650244
352674820
352785412
352887812
352961540
353171460
304091168
304095236
304095240
304095264
304099352
304099356
304103436
304103448
304107548
304111636
304115720
304119824
304119828
304119836
304123912
304128004
304128008
304132100
304132116
304136204
304136220
304140300
304140304
304140308
304140312
304140316
304144388
304144400
304144404
304148484
304148496
304152596
304156680
304156684
304160780
304160792
304160800
304164880
304168972
304168980
304168992
304173088
304177168
304181260
304181276
304181280
304185348
304185352
304185356
304185376
304189448
304189464
304193544
304193560
304193568
304197644
304197656
304201732
304201740
305147912
305147932
305156112
305160224
305168388
305168408
305172488
305176584
305176592
305176608
305184792
305188884
305188888
305192964
305192980
305197080
305201156
305205268
305213456
305213460
305221648
305225740
305225760
305229856
305238020
305242116
305242124
305242140
305246232
305254404
305262604
305262620
305266708
305270792
305270804
305274908
305278988
305283104
305291276
305291288
305291296
305303572
305303576
305311752
305311760
305311776
305315856
306188292
306188300
306188304
306196492
306196500
306196508
306200588
306200596
306200604
306208792
306212888
306216968
306216972
306225164
306225176
306229260
306229272
306233360
306241552
306241556
306241564
306249736
306249752
306253844
306253848
306253852
306262024
306262036
306262048
306270216
306270236
306270240
306274336
306286612
306290720
306294796
306307080
306307092
306307096
306311184
306311188
306315268
306315292
306319364
306319368
306323476
306327564
306331652
306335756
306335772
306339860
306352140
306352160
306356236
306356244
306360344
306360348
306364420
306368528
306368536
306368540
306376708
306380808
306388996
306389012
306389016
306393092
306393100
306393108
306393112
306397192
306397196
306397200
306401288
306409476
306413572
306413576
306413600
306417692
306421792
306425860
306425888
306429956
306429960
306429964
306429968
306429980
306434060
306438164
306442244
306442272
306446356
306446360
306446368
344205316
344208388
344212484
344225796
344233988
344241156
344261636
344298500
344307716
344314884
344318980
344323076
344339460
344344580
344351748
344372228
344389636
344413188
344421380
344471556
344482820
344486916
344491012
344500228
344508420
344512516
344519684
344540164
344548356
344569860
344586244
344589316
344594436
344613892
344627204
344635396
344647684
344650756
344671236
344676356
344733700
344737796
344757252
344758276
344785924
344794116
344795140
344798212
344802308
344811524
344815620
344836100
344839172
344847364
344848388
344876036
344908804
344912900
344925188
344949764
352589828
352596996
352602116
352614404
352663556
352666628
352667652
352675844
352684036
352695300
352724996
352753668
352786436
352815108
352850948
352855044
352859140
352864260
352868356
352871428
352872452
352876548
352892932
352916484
352921604
352946180
352969732
352973828
352991236
352994308
353011716
353014788
353052676
353055748
353076228
353118212
353133572
353149956
353150980
353155076
353162244
353167364
353170436
353190916
353195012
353199108
353200132
353203204
353235972
353236996
353240068
353249284
353256452
353261572
353272836
353277956
353281028
353289220
353290244
353309700
353313796
353317892
353321988
353338372
