303042564
303042568
303042572
303042576
303042580
303042584
303042588
303042592
303046660
303046664
303046668
303046672
303046676
303046680
303046684
303046688
303050756
303050760
303050764
303050768
303050772
303050776
303050780
303050784
303054852
303054856
303054860
303054864
303054868
303054872
303054876
303054880
303058948
303058952
303058956
303058960
303058964
303058968
303058972
303058976
303063044
303063048
303063052
303063056
303063060
303063064
303063068
303063072
303067140
303067144
303067148
303067152
303067156
303067160
303067164
303067168
303071236
303071240
303071244
303071248
303071252
303071256
303071260
303071264
303075332
303075336
303075340
303075344
303075348
303075352
303075356
303075360
303079428
303079432
303079436
303079440
303079444
303079448
303079452
303079456
303083524
303083528
303083532
303083536
303083540
303083544
303083548
303083552
303087620
303087624
303087628
303087632
303087636
303087640
303087644
303087648
304091148
304091156
304091160
304091164
304091168
304095236
304095244
304095260
304099332
304099344
304099348
304099352
304103428
304103452
304103456
304107528
304107532
304107544
304107548
304111620
304111628
304111636
304115720
304115724
304115736
304115740
304119812
304119820
304119828
304119832
304123908
304123916
304123928
304128004
304128032
304132108
304132116
304132120
304132124
304136196
304136200
304136204
304136208
304136220
304136224
304140292
304140308
304140312
304140316
304140320
304144388
304144400
304144404
304144408
304144412
304144416
304148496
304148504
304152584
304152588
304152592
304152596
304152608
304156684
304156692
304156696
304160772
304160780
304160784
304160788
304164868
304164880
304168968
304168972
304168976
304168980
304168988
304168992
304173068
304173072
304173080
304177160
304177168
304177172
304177176
304177180
304177184
304181252
304181260
304181264
304181272
304181280
304185376
304189448
304189464
304189468
304189472
304193540
304193544
304193556
304193560
304193564
304197656
304197664
304201744
304201752
304201760
305139740
305143816
305143820
305143832
305147908
305147920
305147924
305152012
305152020
305152032
305156108
305156116
305160212
305160220
305168388
305168404
305172488
305172500
305172512
305176588
305176592
305184772
305184784
305184796
305188868
305188876
305188892
305192972
305192976
305192980
305201160
305205252
305205272
305205276
305209352
305209356
305209376
305213456
305213464
305213472
305217548
305217564
305221636
305221640
305221648
305221652
305221656
305225732
305225752
305225760
305229840
305229844
305233928
305238024
305238032
305238040
305242124
305246224
305246236
305246240
305250324
305250336
305254404
305254412
305254424
305258500
305262608
305266692
305266708
305274900
305274904
305274912
305278984
305279000
305283088
305283096
305283104
305287172
305291272
305291276
305291292
305299468
305299476
305303556
305303560
305303564
305303568
305307668
305307676
305307680
305311748
305311756
305311764
305315860
306192396
306192404
306192416
306196508
306200580
306200588
306200608
306204680
306204700
306204704
306208780
306208792
306212888
306216972
306216980
306216992
306221072
306225168
306225172
306225176
306229260
306229272
306233348
306233360
306241564
306245656
306245664
306249748
306253840
306253856
306257924
306262024
306262040
306266128
306270216
306270236
306274336
306278432
306282524
306286600
306286620
306290708
306290712
306290716
306290720
306294788
306294808
306294816
306298904
306303004
306311180
306311188
306311192
306311196
306319364
306319368
306319392
306323464
306327560
306327564
306327568
306331664
306335756
306335764
306335772
306339848
306343968
306348036
306348052
306352144
306352148
306356236
306356240
306356252
306360336
306364424
306364444
306368532
306368540
306372628
306376720
306376724
306380812
306389016
306393092
306393108
306393112
306397200
306397212
306401288
306401292
306405380
306405388
306405392
306405408
306409492
306409496
306409504
306413572
306413576
306413580
306413588
306413596
306417680
306421764
306421768
306421772
306421776
306429956
306429960
306429968
306438168
306442268
306442272
306446356
306446364
306446368
352602116
352606212
352618500
352622596
352634884
352638980
352659460
352663556
352671748
352675844
352708612
352720900
352729092
352733188
352737284
352741380
352745476
352749572
352753668
352757764
352765956
352794628
352806916
352811012
352588804
352596996
352654340
352666628
352678916
352683012
352687108
352691204
352695300
352699396
352703492
352707588
352711684
352715780
352888836
352905220
352929796
352962564
352983044
352995332
353003524
353011716
353019908
353060868
353069060
352867332
352875524
352957444
352986116
352994308
353022980
353063940
353072132
353076228
353130500
353138692
353142788
353150980
353167364
353175556
353191940
353196036
353216516
353236996
353253380
353261572
353265668
353269764
353273860
353286148
353290244
353302532
353121284
353129476
353133572
353137668
353149956
353166340
353186820
353190916
353252356
353256452
353260548
353264644
353276932
353301508
353321988
353326084
344201220
344205316
344213508
344233988
344238084
344250372
344254468
344262660
344291332
344299524
344307716
344311812
344336388
344340484
344348676
344352772
344360964
344393732
344422404
344220676
344245252
344261636
344269828
344294404
344302596
344331268
344335364
344351748
344355844
344372228
344388612
344392708
344409092
344413188
344463364
344471556
344479748
344492036
344496132
344500228
344504324
344508420
344532996
344545284
344549380
344557572
344569860
344614916
344619012
344623108
344664068
344676356
344688644
344470532
344474628
344491012
344519684
344523780
344527876
344531972
344536068
344540164
344544260
344548356
344552452
344556548
344593412
344605700
344613892
344725508
344733700
344745988
344766468
344770564
344774660
344778756
344799236
344803332
344807428
344815620
344840196
344848388
344852484
344856580
344872964
344889348
344897540
344905732
344909828
344946692
344950788
344724484
344744964
344749060
344753156
344765444
344781828
344785924
344790020
344794116
344798212
344802308
344806404
344810500
344814596
344818692
344826884
344859652
344867844
344876036
344880132
344884228
344888324
344896516
344904708
344912900
344921092
344929284
344945668
