303042564
303042568
303042572
303042576
303042580
303042584
303042588
303042592
303046660
303046664
303046668
303046672
303046676
303046680
303046684
303046688
303050756
303050760
303050764
303050768
303050772
303050776
303050780
303050784
303054852
303054856
303054860
303054864
303054868
303054872
303054876
303054880
303058948
303058952
303058956
303058960
303058964
303058968
303058972
303058976
303063044
303063048
303063052
303063056
303063060
303063064
303063068
303063072
303067140
303067144
303067148
303067152
303067156
303067160
303067164
303067168
303071236
303071240
303071244
303071248
303071252
303071256
303071260
303071264
303075332
303075336
303075340
303075344
303075348
303075352
303075356
303075360
303079428
303079432
303079436
303079440
303079444
303079448
303079452
303079456
303083524
303083528
303083532
303083536
303083540
303083544
303083548
303083552
303087620
303087624
303087628
303087632
303087636
303087640
303087644
303087648
304091168
304095236
304095240
304099352
304099356
304103448
304107548
304111620
304111636
304115720
304119820
304119824
304119828
304119836
304123912
304128004
304128008
304132100
304132116
304136204
304136220
304140300
304140308
304140312
304140316
304144388
304144404
304148484
304148496
304152596
304156680
304156684
304160780
304160792
304160800
304164880
304164884
304164896
304168972
304168980
304168992
304173088
304181260
304181276
304181280
304185348
304185352
304185356
304185376
304189464
304193544
304193560
304193568
304197644
304197656
304201732
304201740
305147932
305156112
305160224
305164300
305168388
305168408
305168412
305172488
305176584
305176592
305176608
305180692
305188884
305188888
305192964
305192980
305201156
305205268
305213456
305213460
305217564
305221648
305225740
305225760
305229856
305238020
305242116
305242124
305242140
305246232
305262604
305262620
305266708
305266716
305270792
305270804
305274908
305279008
305283104
305291272
305291276
305291288
305291296
305303576
305311752
305311760
305311764
305311776
305315856
306188292
306188300
306188304
306192404
306196500
306196508
306200596
306200604
306208792
306208800
306212888
306216972
306216984
306225164
306225176
306229260
306229272
306233360
306241552
306241556
306241564
306249736
306253844
306253848
306262024
306270220
306270236
306274328
306274336
306290720
306294796
306307080
306307092
306307096
306311184
306311188
306315268
306315292
306319368
306323472
306323476
306327564
306327572
306331652
306335748
306335756
306335772
306339860
306356236
306360344
306364420
306368528
306368536
306368540
306376708
306380808
306388996
306389012
306389016
306393100
306393108
306393112
306397192
306397196
306397200
306405388
306409476
306413572
306413576
306413600
306425864
306425888
306429960
306429964
306429980
306434060
306438164
306442244
306442272
306446356
306446360
352602116
352606212
352643076
352659460
352704516
352712708
352588804
352596996
352637956
352703492
352740356
352785412
352801796
352872452
352892932
352901124
352909316
352929796
352946180
352954372
352966660
352974852
353007620
353040388
353069060
352871428
352875524
352887812
352924676
352953348
352969732
352994308
352998404
353010692
353039364
353122308
353134596
353142788
353179652
353183748
353196036
353236996
353253380
353257476
353261572
353273860
353290244
353298436
353339396
353129476
353133572
353182724
353186820
353260548
353268740
353276932
353281028
353289220
353297412
353334276
344217604
344225796
344229892
344254468
344356868
344360964
344377348
344245252
344302596
344368132
344425476
344463364
344471556
344479748
344483844
344492036
344500228
344504324
344508420
344516612
344549380
344594436
344606724
344655876
344470532
344478724
344515588
344519684
344556548
344560644
344638468
344642564
344683524
344737796
344766468
344782852
344823812
344836100
344840196
344881156
344889348
344897540
344905732
344740868
344744964
344749060
344769540
344826884
344830980
344847364
344851460
344912900
344945668
304091148
304095260
304103456
304111644
304128020
304144396
304152588
304168988
304173060
304173080
304177168
304181252
304193552
304201748
305152012
305160220
305164316
305176588
305184788
305197080
305209356
305254404
305258512
305266700
305274888
305299468
305303568
306188296
306192388
306192392
306192396
306192400
306196484
306196488
306196492
306196496
306196504
306200580
306200584
306200588
306200592
306204684
306241540
306241560
306249752
306266124
306282520
306303008
306311180
306319376
306319392
306331660
306335764
306335776
306352144
306352160
306368516
306384900
306384904
306384908
306384912
306389000
306389004
306389008
306393092
306393096
306393104
306397188
306421784
306425876
306442260
306442264
352598020
352614404
352630788
352655364
352724996
352733188
352741380
352749572
352592900
352601092
352617476
352633860
352856068
352864260
352942084
352970756
353003524
353011716
353015812
353024004
353044484
353056772
353241092
353245188
353269764
353277956
353113092
353117188
353125380
353252356
353301508
344262660
344274948
344283140
344291332
344299524
344307716
344352772
344389636
344393732
344397828
344401924
344406020
344410116
344414212
344418308
344257540
344282116
344290308
344380420
344496132
344651780
344668164
344672260
344676356
344466436
344626180
344650756
344729604
344758276
344799236
344811524
344815620
344848388
344856580
344885252
344814596
344888324
344896516
344904708
344941572
344949764
304091140
304091144
304091152
304091156
304091160
304095244
304095252
304095264
304099332
304099336
304099340
304099344
304099360
304103428
304103436
304103452
304107524
304107528
304107532
304107544
304107552
304111624
304111632
304111640
304111648
304115716
304115724
304115728
304115732
304115736
304115740
304115744
304119812
304119816
304119840
304123908
304123916
304123920
304123936
304128012
304128024
304128032
304132104
304132108
304132112
304132120
304132128
304136196
304136200
304136224
304140292
304140296
304140304
304140320
304144392
304144400
304144408
304144412
304144416
304148488
304148492
304148500
304148504
304148508
304148512
304152580
304152584
304152592
304152608
304156676
304156688
304156692
304156696
304156704
304160772
304160776
304160784
304160788
304164868
304164872
304164876
304168964
304168968
304168976
304168984
304173064
304173076
304177156
304177160
304177164
304177172
304177176
304177184
304181256
304181264
304181272
304185360
304185368
304189444
304189448
304189452
304189456
304189460
304189472
304193540
304193548
304193556
304193564
304197636
304197640
304197648
304197652
304197660
304197664
304201736
304201752
304201760
305139716
305139720
305143812
305143816
305143820
305143836
305147912
305147928
305147936
305152004
305152008
305152028
305156104
305156128
305160196
305160200
305160204
305164296
305168392
305168396
305172484
305176580
305176604
305180676
305180696
305180700
305184772
305184776
305184780
305184792
305184796
305184800
305188872
305188876
305188892
305192972
305192976
305192984
305192988
305197064
305197068
305197072
305197076
305197084
305201164
305201168
305201172
305201176
305201184
305205256
305205260
305205264
305205272
305205276
305209348
305209360
305209364
305209368
305209376
305213448
305213452
305213464
305213468
305217540
305217552
305217556
305217560
305217568
305221640
305221644
305221652
305221656
305221660
305225732
305225736
305225744
305225748
305225752
305229832
305229836
305229840
305229844
305229848
305229852
305233924
305233936
305233940
305233944
305233952
305238024
305238028
305238032
305238036
305238040
305238044
305238048
305242128
305242132
305242136
305242144
305246216
305246220
305246228
305246236
305250308
305250316
305250324
305250328
305250336
305254408
305254428
305254432
305258500
305258504
305258508
305258520
305258524
305262600
305266692
305266696
305270808
305274884
305278980
305278984
305283080
305283084
305283100
305287172
305291268
305291292
305295368
305295372
305295392
305299460
305299464
305299484
305303560
305303584
305307652
305307656
305307676
305311748
305311772
305315844
305315848
305315852
305315868
306188308
306188312
306192408
306192412
306200608
306204680
306204696
306208772
306208776
306208796
306212872
306212876
306216964
306216968
306216976
306216980
306216988
306216992
306221064
306221068
306221080
306225156
306225160
306225172
306225180
306229256
306233348
306233352
306233364
306233372
306237448
306237452
306237464
306237468
306241568
306245640
306245644
306245652
306245656
306245660
306249732
306249740
306249744
306249748
306249760
306253832
306253836
306253852
306257924
306257932
306257936
306257940
306257952
306262028
306262032
306262044
306266116
306266128
306266132
306266144
306270212
306270216
306270224
306270232
306270240
306274308
306274312
306274320
306274324
306278408
306278412
306278428
306282500
306282512
306282516
306282528
306286600
306286620
306290692
306290704
306290708
306294792
306294800
306294812
306298884
306298896
306298900
306298912
306302984
306303004
306307076
306307088
306307104
306311172
306311176
306311196
306315272
306315280
306315284
306315296
306319364
306319380
306319384
306319388
306323460
306323468
306323484
306323488
306327560
306327584
306331664
306331668
306331680
306335752
306339844
306339856
306339872
306343944
306343948
306343964
306348036
306348048
306348052
306348064
306352136
306352152
306352156
306356228
306356240
306356244
306356256
306360324
306360328
306360348
306364432
306364436
306368520
306368524
306368532
306368544
306372612
306372616
306372636
306376712
306376716
306376728
306380804
306380816
306380820
306380832
306384920
306389020
306393116
306397204
306397212
306397216
306401288
306401292
306401304
306405384
306405404
306409480
306409484
306409488
306409496
306413584
306413596
306417672
306417676
306417688
306421764
306421768
306421788
306421792
306425868
306425880
306425884
306429956
306429984
306434056
306434072
306438152
306438160
306438172
306438176
306442248
306442252
306446340
306446344
306446352
306446364
306446368
352589828
352618500
352622596
352626692
352634884
352638980
352647172
352663556
352667652
352671748
352675844
352684036
352700420
352720900
352729092
352737284
352745476
352753668
352757764
352765956
352770052
352774148
352778244
352782340
352786436
352790532
352794628
352798724
352802820
352811012
352605188
352609284
352613380
352629764
352642052
352646148
352650244
352654340
352658436
352662532
352666628
352670724
352674820
352683012
352691204
352695300
352699396
352707588
352711684
352715780
352719876
352752644
352764932
352769028
352773124
352777220
352781316
352793604
352797700
352805892
352809988
352860164
352876548
352884740
352888836
352905220
352921604
352925700
352933892
352950276
352958468
352983044
352995332
353019908
353028100
353032196
353036292
353048580
353052676
353060868
353064964
353073156
353077252
352850948
352855044
352863236
352883716
352891908
352900100
352908292
352912388
352916484
352920580
352928772
352932868
352936964
352941060
352945156
352961540
352965636
352973828
352977924
352982020
352990212
353014788
353018884
353022980
353027076
353031172
353035268
353043460
353047556
353051652
353055748
353114116
353118212
353138692
353146884
353155076
353163268
353171460
353187844
353191940
353200132
353204228
353208324
353212420
353220612
353228804
353249284
353286148
353294340
353302532
353306628
353310724
353314820
353318916
353323012
353327108
353331204
353335300
353121284
353137668
353141764
353145860
353149956
353154052
353158148
353162244
353166340
353170436
353174532
353178628
353195012
353199108
353203204
353207300
353211396
353219588
353223684
353227780
353240068
353244164
353248260
353256452
353264644
353272836
353285124
353293316
353305604
353309700
353313796
353317892
353321988
353326084
353330180
353338372
344209412
344221700
344233988
344238084
344242180
344250372
344258564
344266756
344270852
344287236
344295428
344315908
344324100
344328196
344373252
344381444
344426500
344208388
344216580
344228868
344232964
344249348
344265732
344269828
344273924
344294404
344310788
344318980
344323076
344327172
344331268
344339460
344364036
344392708
344400900
344487940
344520708
344537092
344553476
344565764
344578052
344586244
344598532
344610820
344619012
344635396
344643588
344664068
344680452
344684548
344688644
344486916
344495108
344503300
344507396
344511492
344523780
344601604
344605700
344617988
344630276
344646660
344654852
344667140
344671236
344675332
344679428
344725508
344733700
344745988
344770564
344774660
344786948
344791044
344803332
344807428
344819716
344832004
344844292
344864772
344877060
344913924
344918020
344922116
344926212
344934404
344938500
344942596
344946692
344950788
344732676
344736772
344753156
344777732
344781828
344785924
344798212
344802308
344806404
344810500
344818692
344822788
344835076
344839172
344843268
344855556
344859652
344863748
344876036
344884228
344892420
344900612
344908804
344921092
344929284
344933380
344937476
