303042564
303042568
303042572
303042576
303042580
303042584
303042588
303042592
303046660
303046664
303046668
303046672
303046676
303046680
303046684
303046688
303050756
303050760
303050764
303050768
303050772
303050776
303050780
303050784
303054852
303054856
303054860
303054864
303054868
303054872
303054876
303054880
303058948
303058952
303058956
303058960
303058964
303058968
303058972
303058976
303063044
303063048
303063052
303063056
303063060
303063064
303063068
303063072
303067140
303067144
303067148
303067152
303067156
303067160
303067164
303067168
303071236
303071240
303071244
303071248
303071252
303071256
303071260
303071264
303075332
303075336
303075340
303075344
303075348
303075352
303075356
303075360
303079428
303079432
303079436
303079440
303079444
303079448
303079452
303079456
303083524
303083528
303083532
303083536
303083540
303083544
303083548
303083552
303087620
303087624
303087628
303087632
303087636
303087640
303087644
303087648
304091140
304091144
304091148
304091152
304091160
304091164
304091168
304095236
304095240
304095252
304095260
304095264
304099332
304099336
304099340
304099352
304099356
304103428
304103436
304103448
304103456
304107524
304107528
304107536
304107540
304107548
304107552
304111620
304111628
304111636
304115720
304115724
304115728
304115732
304115736
304115744
304119812
304119820
304119824
304119828
304119832
304119836
304119840
304123912
304123920
304123928
304128004
304128008
304128012
304128020
304128024
304128032
304132100
304132108
304132112
304132116
304132120
304132124
304136200
304136204
304136208
304136212
304136216
304136220
304140292
304140296
304140300
304140304
304140308
304140312
304140316
304140320
304144388
304144392
304144400
304144404
304144408
304144412
304148484
304148492
304148496
304148504
304148508
304152584
304152588
304152596
304156676
304156680
304156684
304156692
304156696
304160772
304160776
304160780
304160784
304160788
304160792
304160796
304160800
304164868
304164872
304164876
304164880
304164884
304164888
304164896
304168964
304168972
304168980
304168984
304168988
304168992
304173060
304173064
304173072
304173076
304173080
304173088
304177156
304177164
304177168
304177176
304177184
304181252
304181256
304181260
304181264
304181276
304181280
304185348
304185352
304185356
304185360
304185368
304185376
304189444
304189448
304189456
304189460
304189464
304189468
304193544
304193548
304193552
304193556
304193560
304193568
304197636
304197644
304197652
304197656
304197660
304197664
304201732
304201736
304201740
304201748
304201752
304201756
304201760
305139716
305139736
305143832
305147908
305147912
305147916
305147920
305147924
305147928
305147932
305147936
305152028
305152032
305156104
305156108
305156112
305160208
305160220
305160224
305164300
305164304
305164308
305164312
305168388
305168392
305168404
305168408
305168412
305172484
305172488
305172492
305172504
305172508
305172512
305176584
305176588
305176592
305176596
305176608
305180684
305180688
305180692
305180700
305180704
305184772
305184784
305184792
305184796
305184800
305188868
305188872
305188884
305188888
305188896
305192964
305192968
305192980
305192984
305192988
305192992
305197068
305197080
305197084
305201156
305201160
305201164
305201180
305205268
305205276
305205280
305209356
305209372
305213444
305213452
305213456
305213460
305217540
305217544
305217548
305217564
305217568
305221636
305221640
305221644
305221648
305221652
305225732
305225736
305225740
305225744
305225760
305229832
305229836
305229840
305229856
305233936
305233940
305233952
305238020
305238028
305238036
305242116
305242124
305242128
305242140
305242144
305246212
305246232
305250316
305254404
305258504
305258512
305258516
305258520
305258528
305262596
305262600
305262604
305262608
305262620
305266708
305266716
305266720
305270792
305270796
305270800
305270804
305274888
305274908
305278988
305278992
305279008
305283076
305283084
305283088
305283092
305283104
305287176
305291268
305291272
305291276
305291280
305291284
305291288
305291292
305291296
305295368
305295376
305295388
305299468
305299472
305299484
305303556
305303568
305303572
305303576
305307652
305307656
305307660
305307664
305307668
305311752
305311756
305311760
305311764
305311772
305311776
305315848
305315856
305315860
305315864
305315872
306188292
306188296
306188300
306188304
306188316
306192388
306192392
306192396
306192404
306192408
306192412
306192416
306196484
306196488
306196492
306196500
306196504
306196508
306196512
306200580
306200584
306200588
306200596
306200600
306200604
306200608
306208776
306208784
306208792
306208800
306212868
306212872
306212876
306212888
306216968
306216972
306216976
306216984
306216988
306216992
306221064
306221080
306221088
306225164
306225172
306225176
306225180
306225184
306229260
306229272
306229280
306233348
306233360
306233368
306233372
306237464
306241540
306241544
306241552
306241556
306241560
306241564
306241568
306245644
306245656
306245660
306245664
306249736
306249748
306249752
306249756
306249760
306253828
306253832
306253844
306253848
306253852
306253856
306257924
306257936
306257944
306257948
306262024
306262028
306262036
306262044
306262048
306266120
306266136
306266144
306270212
306270216
306270220
306270224
306270236
306270240
306274328
306274336
306278412
306278432
306282504
306282520
306286596
306286600
306286604
306286612
306286624
306290704
306290708
306290712
306290720
306294792
306294796
306294800
306294808
306298896
306298900
306298908
306302980
306302984
306302988
306302992
306303004
306303008
306307076
306307080
306307084
306307088
306307092
306307096
306311172
306311176
306311180
306311184
306311188
306315268
306315272
306315276
306315280
306315292
306319364
306319368
306319372
306319380
306319384
306323464
306323468
306323472
306323476
306323480
306323488
306327564
306327572
306327576
306327584
306331652
306331680
306335748
306335756
306335760
306335764
306335772
306335776
306339844
306339856
306339860
306339864
306339868
306343940
306343944
306343948
306348036
306348040
306352132
306352136
306352140
306352144
306352148
306352152
306352156
306352160
306356228
306356236
306356240
306356244
306356248
306356252
306356256
306360324
306360328
306360332
306360336
306360340
306360344
306360348
306360352
306364420
306364424
306364428
306364432
306364436
306364440
306364444
306364448
306368516
306368520
306368524
306368528
306368536
306368540
306368544
306372616
306372628
306372636
306376708
306376716
306376720
306376728
306380808
306384900
306384904
306384908
306384912
306388996
306389000
306389004
306389008
306389012
306389016
306389024
306393092
306393096
306393100
306393104
306393108
306393112
306393116
306393120
306397188
306397192
306397196
306397200
306397208
306397212
306397216
306401288
306405388
306405400
306405404
306405408
306409476
306409480
306409488
306409492
306409496
306413572
306413576
306413588
306413596
306413600
306417668
306417692
306421764
306421768
306421772
306421784
306421788
306421792
306425860
306425864
306425868
306425872
306425876
306425888
306429956
306429960
306429964
306429968
306429976
306429980
306429984
306434060
306434076
306434080
306438152
306438164
306438168
306438176
306442244
306442272
306446356
306446360
306446368
344200196
344205316
344208388
344212484
344216580
344217604
344220676
344224772
344225796
344228868
344232964
344233988
344237060
344241156
344245252
344249348
344257540
344261636
344266756
344269828
344270852
344274948
344278020
344279044
344286212
344290308
344291332
344294404
344295428
344298500
344299524
344302596
344303620
344306692
344307716
344310788
344311812
344314884
344315908
344318980
344320004
344323076
344327172
344328196
344331268
344335364
344339460
344344580
344347652
344351748
344355844
344359940
344369156
344372228
344373252
344376324
344377348
344384516
344389636
344392708
344396804
344397828
344413188
344421380
344425476
344463364
344466436
344467460
344471556
344478724
344479748
344482820
344486916
344491012
344500228
344507396
344508420
344511492
344512516
344516612
344519684
344520708
344523780
344531972
344537092
344540164
344541188
344548356
344552452
344553476
344556548
344557572
344564740
344565764
344568836
344569860
344586244
344589316
344590340
344593412
344594436
344597508
344598532
344601604
344609796
344613892
344627204
344635396
344643588
344647684
344650756
344655876
344671236
344676356
344679428
344680452
344683524
344684548
344688644
344724484
344728580
344733700
344737796
344744964
344757252
344758276
344761348
344765444
344769540
344770564
344777732
344778756
344785924
344786948
344790020
344794116
344795140
344798212
344799236
344802308
344806404
344807428
344810500
344811524
344814596
344815620
344819716
344826884
344836100
344839172
344840196
344847364
344848388
344851460
344855556
344856580
344859652
344860676
344864772
344871940
344872964
344876036
344889348
344892420
344893444
344900612
344904708
344905732
344908804
344909828
344912900
344913924
344916996
344918020
344921092
344922116
344925188
344926212
344929284
344933380
344934404
344937476
344941572
344945668
344949764
352588804
352589828
352592900
352593924
352596996
352598020
352601092
352602116
352606212
352613380
352614404
352617476
352618500
352621572
352622596
352629764
352630788
352633860
352637956
352642052
352646148
352650244
352658436
352659460
352663556
352666628
352667652
352674820
352675844
352678916
352683012
352684036
352695300
352696324
352699396
352708612
352712708
352715780
352716804
352719876
352720900
352723972
352724996
352728068
352729092
352732164
352733188
352737284
352740356
352741380
352744452
352745476
352748548
352753668
352756740
352760836
352761860
352764932
352777220
352785412
352786436
352789508
352790532
352794628
352798724
352806916
352815108
352850948
352855044
352859140
352860164
352863236
352864260
352867332
352868356
352871428
352872452
352875524
352876548
352879620
352887812
352892932
352896004
352905220
352908292
352913412
352916484
352921604
352924676
352925700
352928772
352929796
352933892
352936964
352945156
352946180
352949252
352950276
352953348
352958468
352961540
352966660
352969732
352973828
352974852
352977924
352978948
352982020
352983044
352986116
352987140
352990212
352991236
352994308
353002500
353006596
353011716
353014788
353015812
353039364
353044484
353052676
353055748
353060868
353063940
353068036
353069060
353072132
353076228
353113092
353114116
353117188
353118212
353122308
353126404
353133572
353137668
353141764
353149956
353150980
353154052
353155076
353158148
353162244
353166340
353167364
353170436
353171460
353174532
353178628
353182724
353190916
353195012
353196036
353199108
353200132
353203204
353207300
353208324
353215492
353219588
353227780
353228804
353232900
353235972
353236996
353240068
353244164
353248260
353249284
353252356
353253380
353256452
353260548
353261572
353268740
353269764
353272836
353273860
353276932
353277956
353281028
353289220
353290244
353297412
353298436
353301508
353305604
353309700
353313796
353317892
353321988
353323012
353326084
353330180
353331204
353334276
353335300
353338372
353339396
