303042564
303042568
303042572
303042576
303042580
303042584
303042588
303042592
303046660
303046664
303046668
303046672
303046676
303046680
303046684
303046688
303050756
303050760
303050764
303050768
303050772
303050776
303050780
303050784
303054852
303054856
303054860
303054864
303054868
303054872
303054876
303054880
303058948
303058952
303058956
303058960
303058964
303058968
303058972
303058976
303063044
303063048
303063052
303063056
303063060
303063064
303063068
303063072
303067140
303067144
303067148
303067152
303067156
303067160
303067164
303067168
303071236
303071240
303071244
303071248
303071252
303071256
303071260
303071264
303075332
303075336
303075340
303075344
303075348
303075352
303075356
303075360
303079428
303079432
303079436
303079440
303079444
303079448
303079452
303079456
303083524
303083528
303083532
303083536
303083540
303083544
303083548
303083552
303087620
303087624
303087628
303087632
303087636
303087640
303087644
303087648
304091152
304099336
304099340
304107552
304123920
304136200
304189444
305147928
305172484
305283084
306212876
306245644
306343948
306360324
344200196
344593412
352598020
352650244
352674820
352785412
352887812
352961540
353171460
304099352
304107528
304119828
304136208
304136220
304144408
304144416
304152588
304173068
304181260
304193560
304193564
305143832
305172512
305176592
305192980
305205276
305209376
305221648
305250336
305254404
305266720
305283096
305283104
305291292
305303556
305303560
305303564
305303568
305307676
306192404
306192416
306196508
306196512
306200604
306200608
306208788
306208792
306212888
306216972
306216992
306225172
306225176
306229252
306229272
306233360
306241540
306241564
306270216
306270236
306274336
306278432
306290708
306290712
306290716
306290720
306311188
306319364
306319368
306319384
306323460
306323464
306323468
306323480
306327556
306327560
306327564
306327568
306331652
306331656
306331664
306335756
306343940
306352136
306352140
306356236
306356240
306368536
306368540
306376724
306389016
306393108
306393112
306397200
306397212
306405380
306405388
306405392
306405396
306405408
306413572
306413576
306413588
306421764
306421768
306421772
306421776
306429960
306429968
306446340
306446368
344216580
344233988
344307716
344352772
344359940
344360964
344364036
344365060
344368132
344369156
344372228
344373252
344376324
344377348
344589316
344630276
344847364
344908804
344912900
344921092
344949764
352684036
352724996
352753668
352769028
352781316
352789508
352904196
352994308
352995332
352998404
352999428
353002500
353003524
353006596
353007620
353010692
353011716
353133572
353203204
353236996
353240068
353256452
353257476
353260548
353261572
353264644
353265668
353268740
353269764
353272836
353273860
353294340
353298436
353302532
353306628
353330180
353338372
