303042564
303042568
303042572
303042576
303042580
303042584
303042588
303042592
303046660
303046664
303046668
303046672
303046676
303046680
303046684
303046688
303050756
303050760
303050764
303050768
303050772
303050776
303050780
303050784
303054852
303054856
303054860
303054864
303054868
303054872
303054876
303054880
303058948
303058952
303058956
303058960
303058964
303058968
303058972
303058976
303063044
303063048
303063052
303063056
303063060
303063064
303063068
303063072
303067140
303067144
303067148
303067152
303067156
303067160
303067164
303067168
303071236
303071240
303071244
303071248
303071252
303071256
303071260
303071264
303075332
303075336
303075340
303075344
303075348
303075352
303075356
303075360
303079428
303079432
303079436
303079440
303079444
303079448
303079452
303079456
303083524
303083528
303083532
303083536
303083540
303083544
303083548
303083552
303087620
303087624
303087628
303087632
303087636
303087640
303087644
303087648
304091152
304099336
304099340
304107552
304123920
304136200
304189444
305147928
305172484
305283084
306212876
306245644
306343948
306360324
344200196
344593412
352598020
352650244
352674820
352785412
352887812
352961540
353171460
304091140
304099352
304103444
304111636
304119828
304128016
304136212
304136224
304140308
304144408
304152592
304156684
304156688
304156692
304164880
304164884
304164896
304168992
304173084
304173088
304177172
304177176
304177180
304181260
304185348
304185376
304189456
304189468
304189472
304193544
304193556
304193560
304193564
304193568
304197636
304197644
304197660
304197664
304201748
305139736
305156112
305160212
305164312
305172488
305176592
305192980
305192992
305197060
305197080
305209364
305221648
305233932
305233940
305246240
305254404
305262616
305270796
305274892
305279008
305283088
305283096
305283104
305291276
305295380
305295384
305299484
305303580
305307664
306200596
306200604
306200608
306204696
306208788
306208792
306216992
306225164
306229256
306233348
306245652
306249744
306253840
306270216
306270236
306274332
306274336
306278408
306278412
306278420
306278424
306282520
306282528
306286596
306286600
306286604
306286608
306290692
306290696
306290700
306290704
306294788
306294792
306294796
306294800
306298884
306298888
306298892
306298896
306298912
306307092
306307096
306311180
306311188
306311192
306315292
306319364
306319368
306319380
306319384
306323460
306323464
306323468
306323472
306323480
306327556
306327564
306331652
306331656
306331660
306339872
306343952
306352136
306352140
306356240
306360352
306364440
306368540
306380828
306389016
306393108
306393112
306397200
306413572
306413576
306417696
306425880
306429956
306429968
306429984
306434060
306438160
344216580
344224772
344233988
344257540
344262660
344270852
344279044
344282116
344286212
344294404
344306692
344314884
344331268
344343556
344344580
344347652
344348676
344351748
344352772
344355844
344356868
344404996
344425476
344426500
344486916
344504324
344537092
344541188
344557572
344589316
344626180
344725508
344740868
344744964
344781828
344794116
344798212
344802308
344810500
344819716
344823812
344835076
344836100
344839172
344840196
344843268
344844292
344847364
344848388
344860676
344863748
344868868
344888324
344893444
344901636
344908804
344941572
344942596
344949764
352606212
352617476
352633860
352637956
352642052
352658436
352678916
352679940
352695300
352704516
352748548
352789508
352801796
352802820
352805892
352806916
352809988
352811012
352814084
352815108
352850948
352855044
352856068
352859140
352864260
352868356
352871428
352872452
352884740
352901124
352941060
352942084
352957444
352969732
352977924
352978948
352982020
352983044
352986116
352987140
352990212
352991236
353006596
353032196
353063940
353064964
353068036
353069060
353072132
353073156
353076228
353077252
353122308
353133572
353154052
353155076
353170436
353174532
353178628
353182724
353195012
353199108
353203204
353204228
353227780
353235972
353236996
353249284
353272836
353276932
353277956
353281028
353282052
353285124
353286148
353289220
353290244
353330180
353331204
353338372
304091156
304095264
304111648
304115724
304115744
304119820
304132100
304132108
304132112
304152596
304156680
304160800
304181252
304181264
304189452
304189464
304197656
305201184
305205252
305205256
305205260
305205268
305205272
305209348
305209352
305209356
305209368
305213444
305213448
305213452
305213460
305213464
305307676
306200600
306270232
306294804
306298904
306319376
306368544
306389012
306393096
306397192
306425868
306425872
344228868
344274948
344295428
344302596
344307716
344318980
344335364
344467460
344478724
344479748
344528900
344532996
344556548
344561668
344613892
344658948
344659972
344663044
344664068
344667140
344668164
344671236
344672260
344750084
344851460
344852484
344855556
344856580
344859652
344864772
344876036
344921092
344922116
344937476
344938500
344945668
344946692
344950788
352601092
352613380
352614404
352618500
352621572
352622596
352683012
352687108
352691204
352769028
352770052
352773124
352774148
352777220
352778244
352781316
352782340
352892932
352945156
352949252
352953348
353011716
353031172
353035268
353036292
353039364
353040388
353043460
353044484
353130500
353141764
353200132
353228804
353231876
353256452
353261572
353310724
353314820
353318916
353323012
