303042564
303042568
303042572
303042576
303042580
303042584
303042588
303042592
303046660
303046664
303046668
303046672
303046676
303046680
303046684
303046688
303050756
303050760
303050764
303050768
303050772
303050776
303050780
303050784
303054852
303054856
303054860
303054864
303054868
303054872
303054876
303054880
303058948
303058952
303058956
303058960
303058964
303058968
303058972
303058976
303063044
303063048
303063052
303063056
303063060
303063064
303063068
303063072
303067140
303067144
303067148
303067152
303067156
303067160
303067164
303067168
303071236
303071240
303071244
303071248
303071252
303071256
303071260
303071264
303075332
303075336
303075340
303075344
303075348
303075352
303075356
303075360
303079428
303079432
303079436
303079440
303079444
303079448
303079452
303079456
303083524
303083528
303083532
303083536
303083540
303083544
303083548
303083552
303087620
303087624
303087628
303087632
303087636
303087640
303087644
303087648
304091168
304095236
304095240
304099352
304099356
304103448
304107548
304111620
304111636
304115720
304119820
304119824
304119828
304119836
304123912
304128004
304128008
304132100
304132116
304136204
304136220
304140300
304140308
304140312
304140316
304144388
304144404
304148484
304148496
304152596
304156680
304156684
304160780
304160792
304160800
304164880
304164884
304164896
304168972
304168980
304168992
304173088
304181260
304181276
304181280
304185348
304185352
304185356
304185376
304189464
304193544
304193560
304193568
304197644
304197656
304201732
304201740
305147932
305156112
305160224
305164300
305168388
305168408
305168412
305172488
305176584
305176592
305176608
305180692
305188884
305188888
305192964
305192980
305201156
305205268
305213456
305213460
305217564
305221648
305225740
305225760
305229856
305238020
305242116
305242124
305242140
305246232
305262604
305262620
305266708
305266716
305270792
305270804
305274908
305279008
305283104
305291272
305291276
305291288
305291296
305303576
305311752
305311760
305311764
305311776
305315856
306188292
306188300
306188304
306192404
306196500
306196508
306200596
306200604
306208792
306208800
306212888
306216972
306216984
306225164
306225176
306229260
306229272
306233360
306241552
306241556
306241564
306249736
306253844
306253848
306262024
306270220
306270236
306274328
306274336
306290720
306294796
306307080
306307092
306307096
306311184
306311188
306315268
306315292
306319368
306323472
306323476
306327564
306327572
306331652
306335748
306335756
306335772
306339860
306356236
306360344
306364420
306368528
306368536
306368540
306376708
306380808
306388996
306389012
306389016
306393100
306393108
306393112
306397192
306397196
306397200
306405388
306409476
306413572
306413576
306413600
306425864
306425888
306429960
306429964
306429980
306434060
306438164
306442244
306442272
306446356
306446360
352602116
352606212
352643076
352659460
352704516
352712708
352588804
352596996
352637956
352703492
352740356
352785412
352801796
352872452
352892932
352901124
352909316
352929796
352946180
352954372
352966660
352974852
353007620
353040388
353069060
352871428
352875524
352887812
352924676
352953348
352969732
352994308
352998404
353010692
353039364
353122308
353134596
353142788
353179652
353183748
353196036
353236996
353253380
353257476
353261572
353273860
353290244
353298436
353339396
353129476
353133572
353182724
353186820
353260548
353268740
353276932
353281028
353289220
353297412
353334276
344217604
344225796
344229892
344254468
344356868
344360964
344377348
344245252
344302596
344368132
344425476
344463364
344471556
344479748
344483844
344492036
344500228
344504324
344508420
344516612
344549380
344594436
344606724
344655876
344470532
344478724
344515588
344519684
344556548
344560644
344638468
344642564
344683524
344737796
344766468
344782852
344823812
344836100
344840196
344881156
344889348
344897540
344905732
344740868
344744964
344749060
344769540
344826884
344830980
344847364
344851460
344912900
344945668
304091148
304095260
304103456
304111644
304128020
304144396
304152588
304168988
304173060
304173080
304177168
304181252
304193552
304201748
305152012
305160220
305164316
305176588
305184788
305197080
305209356
305254404
305258512
305266700
305274888
305299468
305303568
306188296
306192388
306192392
306192396
306192400
306196484
306196488
306196492
306196496
306196504
306200580
306200584
306200588
306200592
306204684
306241540
306241560
306249752
306266124
306282520
306303008
306311180
306319376
306319392
306331660
306335764
306335776
306352144
306352160
306368516
306384900
306384904
306384908
306384912
306389000
306389004
306389008
306393092
306393096
306393104
306397188
306421784
306425876
306442260
306442264
352598020
352614404
352630788
352655364
352724996
352733188
352741380
352749572
352592900
352601092
352617476
352633860
352856068
352864260
352942084
352970756
353003524
353011716
353015812
353024004
353044484
353056772
353241092
353245188
353269764
353277956
353113092
353117188
353125380
353252356
353301508
344262660
344274948
344283140
344291332
344299524
344307716
344352772
344389636
344393732
344397828
344401924
344406020
344410116
344414212
344418308
344257540
344282116
344290308
344380420
344496132
344651780
344668164
344672260
344676356
344466436
344626180
344650756
344729604
344758276
344799236
344811524
344815620
344848388
344856580
344885252
344814596
344888324
344896516
344904708
344941572
344949764
