303042564
303042568
303042572
303042576
303042580
303042584
303042588
303042592
303046660
303046664
303046668
303046672
303046676
303046680
303046684
303046688
303050756
303050760
303050764
303050768
303050772
303050776
303050780
303050784
303054852
303054856
303054860
303054864
303054868
303054872
303054876
303054880
303058948
303058952
303058956
303058960
303058964
303058968
303058972
303058976
303063044
303063048
303063052
303063056
303063060
303063064
303063068
303063072
303067140
303067144
303067148
303067152
303067156
303067160
303067164
303067168
303071236
303071240
303071244
303071248
303071252
303071256
303071260
303071264
303075332
303075336
303075340
303075344
303075348
303075352
303075356
303075360
303079428
303079432
303079436
303079440
303079444
303079448
303079452
303079456
303083524
303083528
303083532
303083536
303083540
303083544
303083548
303083552
303087620
303087624
303087628
303087632
303087636
303087640
303087644
303087648
304091152
304099336
304099340
304107552
304123920
304136200
304189444
305147928
305172484
305283084
306212876
306245644
306343948
306360324
344200196
344593412
352598020
352650244
352674820
352785412
352887812
352961540
353171460
304099352
304107528
304119828
304136208
304136220
304144408
304144416
304152588
304173068
304181260
304193560
304193564
305143832
305172512
305176592
305192980
305205276
305209376
305221648
305250336
305254404
305266720
305283096
305283104
305291292
305303556
305303560
305303564
305303568
305307676
306192404
306192408
306192416
306196508
306196512
306200604
306200608
306208788
306208792
306212888
306216972
306216992
306225172
306225176
306229252
306229272
306233360
306241540
306241564
306270216
306270236
306274336
306278432
306290708
306290712
306290716
306290720
306311188
306319364
306319368
306319384
306323460
306323464
306323468
306323480
306327556
306327560
306327564
306327568
306331652
306331656
306331660
306331664
306335756
306343940
306352136
306352140
306356236
306356240
306368536
306368540
306376724
306389016
306393108
306393112
306397200
306397212
306405380
306405388
306405392
306405396
306405408
306413572
306413576
306413588
306421764
306421768
306421772
306421776
306429960
306429968
306446340
306446368
344216580
344233988
344307716
344352772
344359940
344360964
344364036
344365060
344368132
344369156
344372228
344373252
344376324
344377348
344589316
344630276
344847364
344908804
344912900
344921092
344949764
352684036
352724996
352753668
352769028
352781316
352789508
352871428
352904196
352994308
352995332
352998404
352999428
353002500
353003524
353006596
353007620
353010692
353011716
353133572
353203204
353236996
353240068
353256452
353257476
353260548
353261572
353264644
353265668
353268740
353269764
353272836
353273860
353294340
353298436
353302532
353306628
353309700
353313796
353317892
353321988
353330180
353338372
304091148
304091156
304091160
304091168
304095236
304095240
304095244
304095260
304099332
304099344
304099348
304103428
304103452
304103456
304107532
304107548
304111620
304111636
304115720
304115724
304115736
304115740
304119812
304119820
304119832
304123908
304123916
304128032
304132108
304132116
304132120
304132124
304136196
304136204
304136224
304140292
304140308
304140316
304140320
304144388
304144400
304144404
304144412
304148496
304148504
304152584
304152592
304152596
304152608
304156680
304156684
304156692
304156696
304160772
304160784
304160788
304164868
304164880
304168968
304168972
304168980
304168988
304168992
304173072
304173076
304177168
304177176
304177180
304181252
304181264
304181272
304181280
304185376
304189448
304189464
304189468
304189472
304193540
304193544
304193556
304197656
304197664
304201760
305139740
305143820
305143828
305147908
305147920
305147924
305152012
305152020
305152032
305156108
305156116
305160212
305160220
305160224
305168388
305168404
305172488
305172500
305172508
305184772
305184776
305184784
305184796
305188868
305188892
305192964
305192972
305201160
305205252
305205272
305209352
305209356
305213456
305213464
305213472
305217548
305221636
305221640
305221652
305221656
305225732
305225752
305229840
305229844
305238024
305238032
305242116
305242124
305242140
305246224
305246236
305246240
305250324
305254412
305254424
305262608
305266692
305266708
305274900
305274904
305274912
305278984
305279000
305283088
305287172
305291272
305299468
305299476
305303576
305303580
305307668
305307680
305311748
305311764
305315860
306192396
306196492
306200580
306200592
306200596
306204680
306204700
306204704
306208780
306216968
306216980
306221072
306221076
306225164
306225168
306229260
306229268
306233348
306233356
306233376
306245656
306245664
306249748
306253832
306253840
306253856
306257924
306262020
306262024
306262028
306262040
306266128
306274308
306278412
306286600
306286620
306290700
306294788
306294816
306298888
306298904
306302992
306303004
306307080
306307084
306307096
306311180
306311192
306311196
306319372
306319376
306319380
306319392
306323472
306323484
306323488
306327580
306335752
306335764
306335772
306339848
306339852
306343968
306348036
306348052
306352144
306352148
306356252
306360336
306364424
306364444
306368532
306372628
306376720
306380812
306384928
306393092
306393100
306397196
306401288
306409492
306409496
306409504
306413580
306413596
306417680
306425880
306434052
306438168
306442268
306446356
306446364
344205316
344208388
344213508
344221700
344224772
344237060
344241156
344242180
344253444
344258564
344265732
344269828
344273924
344278020
344279044
344282116
344283140
344287236
344302596
344310788
344314884
344318980
344331268
344347652
344397828
344487940
344500228
344516612
344527876
344537092
344541188
344545284
344565764
344585220
344622084
344643588
344663044
344683524
344687620
344688644
344732676
344736772
344737796
344750084
344762372
344765444
344774660
344785924
344794116
344798212
344803332
344810500
344811524
344818692
344843268
344848388
344851460
344856580
344864772
344871940
344876036
344885252
344889348
344893444
344901636
344909828
344913924
344922116
344933380
344942596
344945668
352588804
352589828
352593924
352601092
352605188
352606212
352613380
352614404
352643076
352655364
352658436
352662532
352663556
352667652
352683012
352688132
352692228
352696324
352699396
352712708
352733188
352737284
352745476
352749572
352761860
352770052
352797700
352798724
352806916
352809988
352859140
352864260
352867332
352872452
352891908
352892932
352897028
352925700
352928772
352929796
352950276
352957444
352962564
352969732
352970756
352978948
352987140
353031172
353036292
353039364
353040388
353068036
353072132
353113092
353117188
353122308
353137668
353138692
353150980
353154052
353155076
353158148
353170436
353175556
353178628
353186820
353195012
353199108
353204228
353207300
353223684
353224708
353227780
353241092
353245188
353248260
353249284
353277956
353305604
353326084
353327108
353335300
353339396
