303042564
303042568
303042572
303042576
303042580
303042584
303042588
303042592
303046660
303046664
303046668
303046672
303046676
303046680
303046684
303046688
303050756
303050760
303050764
303050768
303050772
303050776
303050780
303050784
303054852
303054856
303054860
303054864
303054868
303054872
303054876
303054880
303058948
303058952
303058956
303058960
303058964
303058968
303058972
303058976
303063044
303063048
303063052
303063056
303063060
303063064
303063068
303063072
303067140
303067144
303067148
303067152
303067156
303067160
303067164
303067168
303071236
303071240
303071244
303071248
303071252
303071256
303071260
303071264
303075332
303075336
303075340
303075344
303075348
303075352
303075356
303075360
303079428
303079432
303079436
303079440
303079444
303079448
303079452
303079456
303083524
303083528
303083532
303083536
303083540
303083544
303083548
303083552
303087620
303087624
303087628
303087632
303087636
303087640
303087644
303087648
304091152
304099336
304099340
304107552
304123920
304136200
304189444
305147928
305172484
305283084
306212876
306245644
306343948
306360324
344200196
344593412
352598020
352650244
352674820
352785412
352887812
352961540
353171460
304091160
304091164
304095236
304099332
304099352
304103428
304103448
304107524
304107528
304107536
304107540
304111620
304111628
304115728
304115732
304119812
304119820
304119828
304119836
304119840
304123912
304123928
304128012
304128020
304132112
304136208
304136212
304136216
304136220
304140292
304140308
304140312
304144388
304144392
304144408
304144412
304148484
304148508
304152584
304152588
304152596
304156676
304156684
304156692
304156696
304160776
304160784
304160788
304160792
304164868
304164872
304164876
304164884
304168964
304168988
304177168
304177184
304181256
304181260
304181264
304181280
304185360
304185376
304189468
304193544
304193548
304193560
304197636
304197656
304197664
304201740
304201748
304201752
304201756
305139716
305143832
305147924
305147936
305156104
305156108
305160208
305164312
305168404
305176584
305176588
305176592
305176596
305180688
305180700
305180704
305184796
305184800
305188868
305188872
305188896
305192980
305192988
305197068
305201180
305205276
305209372
305213444
305221648
305229832
305229836
305229840
305233952
305238020
305238028
305242116
305242128
305250316
305254404
305258504
305258516
305258528
305262596
305262600
305262604
305262608
305270796
305270800
305278992
305283088
305283104
305291268
305295376
305295388
305299472
305299484
305303556
305307652
305307656
305307664
305307668
305311756
305311760
305315848
305315856
305315860
305315872
306188316
306192404
306192408
306192416
306196488
306200604
306200608
306212868
306212872
306216984
306216988
306216992
306221088
306225180
306225184
306229280
306237464
306241544
306245656
306249748
306249760
306253832
306257936
306257944
306257948
306262044
306266136
306270212
306274328
306274336
306278412
306282504
306286596
306286600
306286604
306286612
306286624
306290708
306290712
306290720
306298900
306298908
306302980
306302988
306303008
306307088
306307096
306311188
306315292
306319372
306319384
306323464
306323468
306323472
306327572
306327576
306327584
306331680
306335764
306335772
306339860
306339864
306343940
306343944
306352132
306352136
306352152
306356228
306356236
306356244
306360328
306360332
306360336
306360344
306360348
306364420
306364424
306364428
306364432
306372636
306376716
306376728
306393112
306393120
306397208
306397212
306397216
306405404
306409480
306409488
306409492
306409496
306413572
306413588
306413596
306413600
306421772
306421788
306434076
306438152
306446360
344212484
344216580
344217604
344224772
344225796
344228868
344232964
344237060
344257540
344266756
344269828
344270852
344290308
344295428
344299524
344306692
344310788
344311812
344327172
344328196
344331268
344335364
344344580
344351748
344355844
344373252
344377348
344384516
344392708
344396804
344413188
344467460
344491012
344508420
344511492
344520708
344541188
344553476
344556548
344565764
344589316
344594436
344597508
344598532
344609796
344643588
344671236
344676356
344679428
344680452
344683524
344684548
344688644
344737796
344807428
344811524
344819716
344826884
344840196
344847364
344848388
344855556
344859652
344860676
344871940
344872964
344892420
344900612
344904708
344905732
344908804
344909828
344912900
344913924
344916996
344921092
344929284
344934404
344937476
344941572
344945668
344949764
352622596
352630788
352658436
352659460
352678916
352683012
352696324
352699396
352708612
352712708
352719876
352728068
352737284
352741380
352744452
352756740
352761860
352777220
352789508
352806916
352850948
352860164
352864260
352871428
352892932
352896004
352908292
352933892
352936964
352949252
352966660
352973828
352974852
352977924
352978948
352982020
352983044
352986116
352987140
352990212
352991236
353002500
353011716
353015812
353044484
353060868
353063940
353068036
353069060
353072132
353113092
353118212
353122308
353126404
353133572
353137668
353155076
353158148
353166340
353190916
353199108
353203204
353235972
353236996
353244164
353248260
353249284
353253380
353256452
353268740
353272836
353289220
353309700
353313796
353317892
353321988
304091140
304095260
304115724
304115736
304119832
304128024
304132120
304132124
304136204
304140320
304148492
304156680
304173076
304177164
304185368
304193552
304193556
304201736
305152028
305152032
305164308
305180684
305184784
305192992
305205280
305225744
305238036
305242124
305246232
305266720
305279008
305283076
305287176
305291284
305291292
305299468
306192412
306196508
306196512
306200600
306233348
306233368
306241552
306241556
306245660
306249756
306257924
306262048
306266120
306270236
306278432
306294808
306302992
306303004
306319380
306323488
306335748
306335756
306335760
306339844
306352140
306352144
306368516
306368520
306368524
306368536
306380808
306388996
306389016
306393092
306405400
306413576
306417668
306421768
306429960
306438176
344208388
344233988
344298500
344307716
344320004
344359940
344425476
344478724
344531972
344552452
344744964
344761348
344770564
344777732
344778756
344794116
344798212
344799236
344802308
344806404
344851460
344856580
344889348
344893444
344918020
344922116
344925188
352588804
352593924
352596996
352614404
352629764
352633860
352642052
352675844
352695300
352715780
352720900
352745476
352855044
352859140
352867332
352868356
352872452
352924676
352925700
352929796
352953348
352958468
353006596
353149956
353154052
353195012
353215492
353219588
353228804
353252356
353323012
353330180
353331204
353334276
353338372
303042564
303042568
303042572
303042576
303042580
303042584
303042588
303042592
303046660
303046664
303046668
303046672
303046676
303046680
303046684
303046688
303050756
303050760
303050764
303050768
303050772
303050776
303050780
303050784
303054852
303054856
303054860
303054864
303054868
303054872
303054876
303054880
303058948
303058952
303058956
303058960
303058964
303058968
303058972
303058976
303063044
303063048
303063052
303063056
303063060
303063064
303063068
303063072
303067140
303067144
303067148
303067152
303067156
303067160
303067164
303067168
303071236
303071240
303071244
303071248
303071252
303071256
303071260
303071264
303075332
303075336
303075340
303075344
303075348
303075352
303075356
303075360
303079428
303079432
303079436
303079440
303079444
303079448
303079452
303079456
303083524
303083528
303083532
303083536
303083540
303083544
303083548
303083552
303087620
303087624
303087628
303087632
303087636
303087640
303087644
303087648
304091152
304099336
304099340
304107552
304123920
304136200
304189444
305147928
305172484
305283084
306212876
306245644
306343948
306360324
344200196
344593412
352598020
352650244
352674820
352785412
352887812
352961540
353171460
304091148
304095236
304095252
304099352
304103448
304107548
304111620
304115732
304115744
304119812
304119824
304119828
304119840
304128012
304128032
304132108
304132124
304136208
304140296
304140316
304140320
304144404
304148504
304148508
304152596
304156676
304156692
304160772
304160796
304164876
304164880
304164888
304168972
304168980
304168984
304168988
304173064
304177156
304177168
304177176
304181256
304181260
304181280
304185368
304185376
304189448
304189456
304189460
304193548
304193560
304197636
304197652
304197660
304197664
304201756
304201760
305139736
305147908
305147916
305156112
305168392
305168404
305172492
305172504
305176588
305176592
305184772
305192968
305192980
305192984
305197084
305201160
305205280
305213452
305217568
305221648
305221652
305225732
305229836
305233936
305233940
305238020
305242144
305254404
305258520
305279008
305283104
305287176
305291280
305295368
305307660
305311772
305311776
305315864
305315872
306188300
306192396
306192412
306196512
306200604
306200608
306208784
306216988
306216992
306221064
306221080
306225172
306225176
306225180
306225184
306233348
306233368
306249748
306249760
306253828
306253832
306257924
306257936
306262024
306262044
306266144
306270216
306270224
306274336
306286596
306286600
306286604
306294792
306294796
306298896
306298908
306302980
306302984
306302988
306302992
306307076
306307080
306307084
306307088
306311172
306311176
306311180
306311184
306311188
306315268
306315272
306315276
306315280
306319364
306319368
306319372
306319384
306323480
306327576
306327584
306335748
306335772
306335776
306339864
306339868
306348036
306352132
306352136
306352140
306352144
306352152
306356228
306368544
306372616
306372628
306372636
306376716
306384904
306388996
306389024
306393120
306397208
306397212
306405408
306409480
306413572
306413576
306413600
306417668
306421788
306425888
306429964
306434080
306438176
306442272
344208388
344220676
344233988
344249348
344278020
344286212
344290308
344291332
344295428
344298500
344299524
344310788
344315908
344320004
344323076
344327172
344344580
344355844
344369156
344376324
344397828
344466436
344479748
344486916
344511492
344512516
344516612
344589316
344597508
344728580
344733700
344778756
344794116
344802308
344806404
344810500
344811524
344819716
344848388
344864772
344904708
344909828
344921092
344925188
344926212
344929284
344933380
344937476
344941572
344949764
352613380
352622596
352629764
352642052
352646148
352658436
352659460
352678916
352708612
352723972
352728068
352744452
352753668
352760836
352764932
352850948
352855044
352859140
352863236
352867332
352872452
352875524
352905220
352913412
352925700
352949252
352950276
352953348
352966660
352973828
352974852
352986116
352990212
353039364
353060868
353072132
353117188
353118212
353133572
353141764
353167364
353170436
353195012
353196036
353199108
353203204
353227780
353232900
353236996
353253380
353256452
353269764
353276932
353281028
353298436
353301508
353305604
353309700
353313796
353317892
353321988
353330180
353331204
304115736
304119832
304123928
304128008
304136216
304160788
304164872
304173072
304173076
304181264
304193556
304201736
304201752
305147920
305164304
305172508
305172512
305197068
305217540
305217544
305217548
305221636
305221640
305221644
305225736
305225740
305225744
305246212
305258504
305283076
305283092
306208776
306216976
306221088
306233372
306241568
306245664
306290704
306294800
306303004
306323464
306339856
306348040
306352148
306352156
306352160
306356244
306356248
306356252
306356256
306360328
306360340
306360344
306360348
306360352
306364436
306364440
306364444
306364448
306368516
306368524
306376720
306389012
306389016
306393092
306393112
306409476
306409488
306413588
306429976
306429984
306438168
306446356
306446368
344205316
344224772
344225796
344228868
344232964
344245252
344294404
344302596
344303620
344306692
344307716
344328196
344331268
344347652
344531972
344590340
344594436
344601604
344724484
344769540
344785924
344798212
344814596
344836100
344839172
344840196
344945668
352592900
352593924
352596996
352606212
352614404
352617476
352618500
352621572
352633860
352637956
352715780
352716804
352719876
352720900
352724996
352729092
352740356
352786436
352790532
352794628
352798724
352864260
352868356
352871428
352879620
352928772
352945156
352977924
352982020
352994308
353006596
353162244
353182724
353207300
353208324
353240068
353244164
353260548
353261572
353273860
353289220
353297412
353338372
353339396
303042564
303042568
303042572
303042576
303042580
303042584
303042588
303042592
303046660
303046664
303046668
303046672
303046676
303046680
303046684
303046688
303050756
303050760
303050764
303050768
303050772
303050776
303050780
303050784
303054852
303054856
303054860
303054864
303054868
303054872
303054876
303054880
303058948
303058952
303058956
303058960
303058964
303058968
303058972
303058976
303063044
303063048
303063052
303063056
303063060
303063064
303063068
303063072
303067140
303067144
303067148
303067152
303067156
303067160
303067164
303067168
303071236
303071240
303071244
303071248
303071252
303071256
303071260
303071264
303075332
303075336
303075340
303075344
303075348
303075352
303075356
303075360
303079428
303079432
303079436
303079440
303079444
303079448
303079452
303079456
303083524
303083528
303083532
303083536
303083540
303083544
303083548
303083552
303087620
303087624
303087628
303087632
303087636
303087640
303087644
303087648
304091152
304099336
304099340
304107552
304123920
304136200
304189444
305147928
305172484
305283084
306212876
306245644
306343948
306360324
344200196
344593412
352598020
352650244
352674820
352785412
352887812
352961540
353171460
304091168
304095236
304095240
304095264
304099352
304099356
304103436
304103448
304107548
304111636
304115720
304119824
304119828
304119836
304123912
304128004
304128008
304132100
304132116
304136204
304136220
304140300
304140304
304140308
304140312
304140316
304144388
304144400
304144404
304148484
304148496
304152596
304156680
304156684
304160780
304160792
304160800
304164880
304168972
304168980
304168992
304173088
304177168
304181260
304181276
304181280
304185348
304185352
304185356
304185376
304189448
304189464
304193544
304193560
304193568
304197644
304197656
304201732
304201740
305147912
305147932
305156112
305160224
305168388
305168408
305172488
305176584
305176592
305176608
305184792
305188884
305188888
305192964
305192980
305197080
305201156
305205268
305213456
305213460
305221648
305225740
305225760
305229856
305238020
305242116
305242124
305242140
305246232
305254404
305262604
305262620
305266708
305270792
305270804
305274908
305278988
305283104
305291276
305291288
305291296
305303572
305303576
305311752
305311760
305311776
305315856
306188292
306188300
306188304
306196492
306196500
306196508
306200588
306200596
306200604
306208792
306212888
306216968
306216972
306225164
306225176
306229260
306229272
306233360
306241552
306241556
306241564
306249736
306249752
306253844
306253848
306253852
306262024
306262036
306262048
306270216
306270236
306270240
306274336
306286612
306290720
306294796
306307080
306307092
306307096
306311184
306311188
306315268
306315292
306319364
306319368
306323476
306327564
306331652
306335756
306335772
306339860
306352140
306352160
306356236
306356244
306360344
306360348
306364420
306368528
306368536
306368540
306376708
306380808
306388996
306389012
306389016
306393092
306393100
306393108
306393112
306397192
306397196
306397200
306401288
306409476
306413572
306413576
306413600
306417692
306421792
306425860
306425888
306429956
306429960
306429964
306429968
306429980
306434060
306438164
306442244
306442272
306446356
306446360
306446368
344205316
344208388
344212484
344225796
344233988
344241156
344261636
344298500
344307716
344314884
344318980
344323076
344339460
344344580
344351748
344372228
344389636
344413188
344421380
344471556
344482820
344486916
344491012
344500228
344508420
344512516
344519684
344540164
344548356
344569860
344586244
344589316
344594436
344613892
344627204
344635396
344647684
344650756
344671236
344676356
344733700
344737796
344757252
344758276
344785924
344794116
344795140
344798212
344802308
344811524
344815620
344836100
344839172
344847364
344848388
344876036
344908804
344912900
344925188
344949764
352589828
352596996
352602116
352614404
352663556
352666628
352667652
352675844
352684036
352695300
352724996
352753668
352786436
352815108
352850948
352855044
352859140
352864260
352868356
352871428
352872452
352876548
352892932
352916484
352921604
352946180
352969732
352973828
352991236
352994308
353011716
353014788
353052676
353055748
353076228
353118212
353133572
353149956
353150980
353155076
353162244
353167364
353170436
353190916
353195012
353199108
353200132
353203204
353235972
353236996
353240068
353249284
353256452
353261572
353272836
353277956
353281028
353289220
353290244
353309700
353313796
353317892
353321988
353338372
304091144
304091148
304095260
304103456
304111620
304119820
304152588
304156692
304164884
304164896
304168984
304173060
304173076
304173080
304181252
304193552
304201748
304201752
305160220
305164300
305168412
305172508
305176588
305180692
305201164
305209356
305217564
305242128
305258512
305266716
305274888
305279008
305291272
305299468
305303568
305311764
306188296
306192388
306192392
306192404
306196484
306196488
306196504
306200580
306200584
306208800
306216984
306225184
306241540
306241560
306253856
306262028
306262044
306270220
306274328
306282520
306286624
306303008
306323472
306327572
306327584
306335748
306335764
306335776
306352152
306356240
306356252
306356256
306368516
306384900
306384904
306384908
306384912
306389000
306389004
306389008
306393096
306393104
306393116
306397188
306405388
306421764
306421784
306425864
306425868
306425872
306425876
344220676
344232964
344257540
344270852
344274948
344279044
344320004
344328196
344331268
344463364
344467460
344507396
344523780
344537092
344541188
344556548
344557572
344564740
344568836
344655876
344728580
344765444
344786948
344790020
344806404
344872964
344916996
344922116
352601092
352606212
352618500
352629764
352633860
352637956
352642052
352715780
352732164
352733188
352744452
352748548
352860164
352867332
352945156
352966660
352987140
353114116
353137668
353141764
353174532
353178628
353326084
353335300
303042564
303042568
303042572
303042576
303042580
303042584
303042588
303042592
303046660
303046664
303046668
303046672
303046676
303046680
303046684
303046688
303050756
303050760
303050764
303050768
303050772
303050776
303050780
303050784
303054852
303054856
303054860
303054864
303054868
303054872
303054876
303054880
303058948
303058952
303058956
303058960
303058964
303058968
303058972
303058976
303063044
303063048
303063052
303063056
303063060
303063064
303063068
303063072
303067140
303067144
303067148
303067152
303067156
303067160
303067164
303067168
303071236
303071240
303071244
303071248
303071252
303071256
303071260
303071264
303075332
303075336
303075340
303075344
303075348
303075352
303075356
303075360
303079428
303079432
303079436
303079440
303079444
303079448
303079452
303079456
303083524
303083528
303083532
303083536
303083540
303083544
303083548
303083552
303087620
303087624
303087628
303087632
303087636
303087640
303087644
303087648
304091152
304099336
304099340
304107552
304123920
304136200
304189444
305147928
305172484
305283084
306212876
306245644
306343948
306360324
344200196
344593412
352598020
352650244
352674820
352785412
352887812
352961540
353171460
304099352
304107528
304119828
304136208
304136220
304144408
304144416
304152588
304173068
304181260
304193560
304193564
305143832
305172512
305176592
305192980
305205276
305209376
305221648
305250336
305254404
305266720
305283096
305283104
305291292
305303556
305303560
305303564
305303568
305307676
306192404
306192416
306196508
306196512
306200604
306200608
306208788
306208792
306212888
306216972
306216992
306225172
306225176
306229252
306229272
306233360
306241540
306241564
306270216
306270236
306274336
306278432
306290708
306290712
306290716
306290720
306311188
306319364
306319368
306319384
306323460
306323464
306323468
306323480
306327556
306327560
306327564
306327568
306331652
306331656
306331664
306335756
306343940
306352136
306352140
306356236
306356240
306368536
306368540
306376724
306389016
306393108
306393112
306397200
306397212
306405380
306405388
306405392
306405396
306405408
306413572
306413576
306413588
306421764
306421768
306421772
306421776
306429960
306429968
306446340
306446368
344216580
344233988
344307716
344352772
344359940
344360964
344364036
344365060
344368132
344369156
344372228
344373252
344376324
344377348
344589316
344630276
344847364
344908804
344912900
344921092
344949764
352684036
352724996
352753668
352769028
352781316
352789508
352904196
352994308
352995332
352998404
352999428
353002500
353003524
353006596
353007620
353010692
353011716
353133572
353203204
353236996
353240068
353256452
353257476
353260548
353261572
353264644
353265668
353268740
353269764
353272836
353273860
353294340
353298436
353302532
353306628
353330180
353338372
304091148
304091156
304091160
304091168
304095236
304095240
304095244
304095260
304099332
304099344
304099348
304103428
304103452
304103456
304107532
304107548
304111620
304111636
304115720
304115724
304115736
304115740
304119812
304119820
304119832
304123908
304123916
304128032
304132108
304132116
304132120
304132124
304136196
304136204
304136224
304140292
304140308
304140316
304140320
304144388
304144400
304144404
304144412
304148496
304148504
304152584
304152592
304152596
304152608
304156680
304156684
304156692
304156696
304160772
304160784
304160788
304164868
304164880
304168968
304168972
304168980
304168988
304168992
304173072
304173076
304177168
304177176
304177180
304181252
304181264
304181272
304181280
304185376
304189448
304189464
304189468
304189472
304193540
304193544
304193556
304197656
304197664
304201760
305139740
305143820
305143828
305147908
305147920
305147924
305152012
305152020
305152032
305156108
305156116
305160212
305160220
305160224
305168388
305168404
305172488
305172500
305172508
305184772
305184776
305184784
305184796
305188868
305188892
305192964
305192972
305201160
305205252
305205272
305209352
305209356
305213456
305213464
305213472
305217548
305221636
305221640
305221652
305221656
305225732
305225752
305229840
305229844
305238024
305238032
305242116
305242124
305242140
305246224
305246236
305246240
305250324
305254412
305254424
305262608
305266692
305266708
305274900
305274904
305274912
305278984
305279000
305283088
305287172
305291272
305299476
305303576
305303580
305307668
305307680
305311748
305311764
305315860
306192408
306196492
306200596
306216968
306221072
306221076
306225164
306229268
306233348
306233356
306233376
306253832
306253840
306253856
306262020
306274308
306278412
306290700
306298888
306302992
306307080
306307084
306307096
306311180
306319372
306319376
306319380
306319392
306323472
306323484
306323488
306327580
306331660
306335752
306335772
306339852
306352144
306360336
306376720
306384928
306409492
306417680
306425880
306438168
344205316
344208388
344213508
344221700
344224772
344237060
344241156
344242180
344253444
344258564
344265732
344269828
344273924
344278020
344279044
344282116
344283140
344287236
344302596
344310788
344314884
344318980
344331268
344347652
344397828
344487940
344500228
344516612
344527876
344537092
344541188
344545284
344565764
344585220
344622084
344643588
344663044
344683524
344687620
344688644
344732676
344736772
344737796
344750084
344762372
344765444
344774660
344785924
344794116
344798212
344803332
344810500
344811524
344818692
344843268
344848388
344851460
344856580
344864772
344876036
344885252
344889348
344893444
344901636
344909828
344913924
344922116
344933380
344942596
344945668
352588804
352589828
352593924
352601092
352605188
352606212
352613380
352614404
352643076
352655364
352658436
352662532
352663556
352667652
352683012
352688132
352692228
352696324
352699396
352712708
352733188
352737284
352745476
352749572
352761860
352770052
352797700
352798724
352806916
352809988
352859140
352864260
352867332
352871428
352872452
352891908
352892932
352897028
352925700
352928772
352929796
352950276
352957444
352962564
352969732
352970756
352978948
353031172
353036292
353039364
353040388
353068036
353072132
353113092
353117188
353122308
353137668
353138692
353150980
353154052
353158148
353170436
353175556
353178628
353186820
353195012
353199108
353204228
353207300
353223684
353224708
353227780
353241092
353245188
353248260
353277956
353305604
353321988
353326084
353327108
353335300
353339396
