303042564
303042568
303042572
303042576
303042580
303042584
303042588
303042592
303046660
303046664
303046668
303046672
303046676
303046680
303046684
303046688
303050756
303050760
303050764
303050768
303050772
303050776
303050780
303050784
303054852
303054856
303054860
303054864
303054868
303054872
303054876
303054880
303058948
303058952
303058956
303058960
303058964
303058968
303058972
303058976
303063044
303063048
303063052
303063056
303063060
303063064
303063068
303063072
303067140
303067144
303067148
303067152
303067156
303067160
303067164
303067168
303071236
303071240
303071244
303071248
303071252
303071256
303071260
303071264
303075332
303075336
303075340
303075344
303075348
303075352
303075356
303075360
303079428
303079432
303079436
303079440
303079444
303079448
303079452
303079456
303083524
303083528
303083532
303083536
303083540
303083544
303083548
303083552
303087620
303087624
303087628
303087632
303087636
303087640
303087644
303087648
304091152
304099336
304099340
304107552
304123920
304136200
304189444
305147928
305172484
305283084
306212876
306245644
306343948
306360324
344200196
344593412
352598020
352650244
352674820
352785412
352887812
352961540
353171460
304091148
304095236
304095252
304099352
304103448
304107548
304111620
304115732
304115744
304119812
304119824
304119828
304119840
304128012
304128032
304132108
304132124
304136208
304140296
304140316
304140320
304144404
304148504
304148508
304152596
304156676
304156692
304160772
304160796
304164876
304164880
304164888
304168972
304168980
304168984
304168988
304173064
304177156
304177168
304177176
304181256
304181260
304181280
304185368
304185376
304189448
304189456
304189460
304193548
304193560
304197636
304197652
304197660
304197664
304201756
304201760
305139736
305147908
305147916
305156112
305168392
305168404
305172492
305172504
305176588
305176592
305184772
305192968
305192980
305192984
305197084
305201160
305205280
305213452
305217568
305221648
305221652
305225732
305229836
305233936
305233940
305238020
305242144
305254404
305258520
305279008
305283104
305287176
305291280
305295368
305307660
305311772
305311776
305315864
305315872
306188300
306192396
306192412
306196512
306200604
306200608
306208784
306216988
306216992
306221064
306221080
306225172
306225176
306225180
306225184
306233348
306233368
306249748
306249760
306253828
306253832
306257924
306257936
306262024
306262044
306266144
306270216
306270224
306274336
306286596
306286600
306286604
306294792
306294796
306298896
306298908
306302980
306302984
306302988
306302992
306307076
306307080
306307084
306307088
306311172
306311176
306311180
306311184
306311188
306315268
306315272
306315276
306315280
306319364
306319368
306319372
306319384
306323480
306327576
306327584
306335748
306335772
306335776
306339864
306339868
306348036
306352132
306352136
306352140
306352144
306352152
306356228
306368544
306372616
306372628
306372636
306376716
306384904
306388996
306389024
306393120
306397208
306397212
306405408
306409480
306413572
306413576
306413600
306417668
306421788
306425888
306429964
306434080
306438176
306442272
344208388
344220676
344233988
344249348
344278020
344286212
344290308
344291332
344295428
344298500
344299524
344310788
344315908
344320004
344323076
344327172
344344580
344355844
344369156
344376324
344397828
344466436
344479748
344486916
344511492
344512516
344516612
344589316
344597508
344728580
344733700
344778756
344794116
344802308
344806404
344810500
344811524
344819716
344848388
344864772
344904708
344909828
344921092
344925188
344926212
344929284
344933380
344937476
344941572
344949764
352613380
352622596
352629764
352642052
352646148
352658436
352659460
352678916
352708612
352723972
352728068
352744452
352753668
352760836
352764932
352850948
352855044
352859140
352863236
352867332
352872452
352875524
352905220
352913412
352925700
352949252
352950276
352953348
352966660
352973828
352974852
352986116
352990212
353039364
353060868
353072132
353117188
353118212
353133572
353141764
353167364
353170436
353195012
353196036
353199108
353203204
353227780
353232900
353236996
353253380
353256452
353269764
353276932
353281028
353298436
353301508
353305604
353309700
353313796
353317892
353321988
353330180
353331204
304115736
304119832
304123928
304128008
304136216
304160788
304164872
304173072
304173076
304181264
304193556
304201736
304201752
305147920
305164304
305172508
305172512
305197068
305217540
305217544
305217548
305221636
305221640
305221644
305225736
305225740
305225744
305246212
305258504
305283076
305283092
306208776
306216976
306221088
306233372
306241568
306245664
306290704
306294800
306303004
306323464
306339856
306348040
306352148
306352156
306352160
306356244
306356248
306356252
306356256
306360328
306360340
306360344
306360348
306360352
306364436
306364440
306364444
306364448
306368516
306368524
306376720
306389012
306389016
306393092
306393112
306409476
306409488
306413588
306429976
306429984
306438168
306446356
306446368
344205316
344224772
344225796
344228868
344232964
344245252
344294404
344302596
344303620
344306692
344307716
344328196
344331268
344347652
344531972
344590340
344594436
344601604
344724484
344769540
344785924
344798212
344814596
344836100
344839172
344840196
344945668
352592900
352593924
352596996
352606212
352614404
352617476
352618500
352621572
352633860
352637956
352715780
352716804
352719876
352720900
352724996
352729092
352740356
352786436
352790532
352794628
352798724
352864260
352868356
352871428
352879620
352928772
352945156
352977924
352982020
352994308
353006596
353162244
353182724
353207300
353208324
353240068
353244164
353260548
353261572
353273860
353289220
353297412
353338372
353339396
